1,input_ballistic.asc,Three-stage,rocket,ascent
0,0,20,,
time,psibdx,thtbdx,phibdx,alppx
phipx,alphax,betax,qqx,lonx
latx,alt,dvbe,dvbi,psivdx
thtvdx,SBII1,SBII2,SBII3,grndtrck
0,180,60,0,0
0,0,-4.17936e-16,-4.26297e-09,-120.49
34.68,100.004,1.05059,1.05059,-180
59.336,-2.66416e+06,-4.52465e+06,3.60893e+06,0.00267887
0.5,-180,60,0,9.58102
0,12.3223,-3.64422e-13,-3.99862e-05,-120.49
34.68,102.345,11.4571,11.4571,-180
47.6675,-2.66416e+06,-4.52465e+06,3.60893e+06,2.08181
1,-180,60,0,11.5541
0,12.8355,-3.48064e-13,-0.000285008,-120.49
34.6799,108.485,21.9591,21.9591,-180
47.1621,-2.66417e+06,-4.52466e+06,3.60893e+06,7.7596
1.5,-180,59.9998,1.20742e-06,12.1322
0,12.9753,-3.45926e-13,-0.00093027,-120.49
34.6798,118.458,32.5338,32.5338,-180
47.0237,-2.66417e+06,-4.52467e+06,3.60893e+06,17.053
2,-180,59.9992,0,12.3802
0,13.0116,-3.16568e-13,-0.00217778,-120.49
34.6797,132.299,43.18,43.18,-180
46.9875,-2.66418e+06,-4.52469e+06,3.60892e+06,29.9775
2.5,-180,59.9978,1.20742e-06,12.4951
0,13.0018,-3.01775e-13,-0.00423605,-120.49
34.6796,150.043,53.897,53.897,-180
46.9962,-2.66419e+06,-4.52471e+06,3.60892e+06,46.5475
3,-180,59.9951,0,12.5408
0,12.9654,-3.30273e-13,-0.00731975,-120.49
34.6794,171.726,64.6842,64.6842,-180
47.0302,-2.66421e+06,-4.52474e+06,3.60891e+06,66.7758
3.5,-180,59.9907,1.20742e-06,12.5442
0,12.9107,-3.33365e-13,-0.0116494,-120.49
34.6792,197.385,75.5412,75.5412,-180
47.0805,-2.66423e+06,-4.52477e+06,3.60891e+06,90.6742
4,-180,59.9837,0,12.5183
0,12.8417,-3.46556e-13,-0.017451,-120.49
34.6789,227.058,86.4677,86.4677,-180
47.1427,-2.66425e+06,-4.5248e+06,3.6089e+06,118.253
4.5,-180,59.9735,0,12.4701
0,12.7603,-3.50739e-13,-0.0249555,-120.49
34.6787,260.782,97.4634,97.4634,-180
47.214,-2.66427e+06,-4.52484e+06,3.6089e+06,149.522
5,-180,59.9591,0,12.4036
0,12.6675,-3.20279e-13,-0.0343986,-120.49
34.6783,298.598,108.528,108.528,-180
47.2925,-2.6643e+06,-4.52488e+06,3.60889e+06,184.49
5.5,-180,59.9395,1.70755e-06,12.3211
0,12.5637,-3.5588e-13,-0.0460201,-120.49
34.678,340.544,119.66,119.66,-180
47.3767,-2.66432e+06,-4.52493e+06,3.60888e+06,223.165
6,-180,59.9136,2.09131e-06,12.2239
0,12.449,-3.72896e-13,-0.0600631,-120.49
34.6776,386.658,130.859,130.859,-180
47.4655,-2.66436e+06,-4.52499e+06,3.60887e+06,265.552
6.5,-180,59.88,0,12.1126
0,12.3232,-3.90897e-13,-0.076774,-120.49
34.6772,436.981,142.124,142.124,-180
47.5577,-2.66439e+06,-4.52504e+06,3.60886e+06,311.659
7,-180,59.8374,0,11.9875
0,12.1858,-3.81183e-13,-0.0964015,-120.49
34.6767,491.551,153.455,153.455,-180
47.6525,-2.66443e+06,-4.52511e+06,3.60885e+06,361.492
7.5,-180,59.7842,0,11.8482
0,12.0362,-3.78807e-13,-0.119196,-120.49
34.6763,550.407,164.851,164.851,-180
47.7489,-2.66447e+06,-4.52517e+06,3.60884e+06,415.057
8,-180,59.7188,0,11.6945
0,11.8737,-3.92946e-13,-0.14541,-120.49
34.6757,613.587,176.313,176.313,-180
47.8461,-2.66451e+06,-4.52525e+06,3.60883e+06,472.36
8.5,-180,59.6395,0,11.5256
0,11.6974,-3.93634e-13,-0.175297,-120.49
34.6752,681.127,187.841,187.841,-180
47.9431,-2.66456e+06,-4.52533e+06,3.60882e+06,533.408
9,-180,59.5443,0,11.3411
0,11.5065,-4.09812e-13,-0.209108,-120.49
34.6746,753.065,199.433,199.433,-180
48.0388,-2.66461e+06,-4.52541e+06,3.60881e+06,598.209
9.5,-180,59.4313,0,11.1408
0,11.3006,-4.00634e-13,-0.247097,-120.49
34.674,829.434,211.083,211.083,-180
48.1316,-2.66466e+06,-4.5255e+06,3.6088e+06,666.773
10,-180,59.2982,1.20742e-06,10.9252
0,11.08,-3.8184e-13,-0.289505,-120.49
34.6733,910.258,222.764,222.764,-180
48.2191,-2.66471e+06,-4.52559e+06,3.60878e+06,739.104
10.5,-180,59.1428,0,10.6932
0,10.8438,-3.77534e-13,-0.336565,-120.49
34.6727,995.55,234.467,234.467,-180
48.2998,-2.66477e+06,-4.52569e+06,3.60877e+06,815.208
11,-180,58.9627,1.70755e-06,10.444
0,10.591,-3.82159e-13,-0.388503,-120.49
34.6719,1085.32,246.185,246.185,-180
48.3724,-2.66483e+06,-4.52579e+06,3.60875e+06,895.087
11.5,-180,58.7554,1.20742e-06,10.1765
0,10.3207,-3.83575e-13,-0.445532,-120.49
34.6712,1179.57,257.909,257.909,-180
48.4353,-2.66489e+06,-4.5259e+06,3.60874e+06,978.749
12,-180,58.5184,0,9.88989
0,10.0318,-4.08389e-13,-0.507859,-120.49
34.6704,1278.28,269.632,269.632,-180
48.4871,-2.66496e+06,-4.52601e+06,3.60872e+06,1066.2
12.5,-180,58.2489,1.20742e-06,9.58469
0,9.72445,-4.19696e-13,-0.575671,-120.49
34.6696,1381.46,281.325,281.325,-180
48.5248,-2.66503e+06,-4.52613e+06,3.60871e+06,1157.45
13,-180,57.9442,0,9.26055
0,9.39875,-3.98688e-13,-0.64913,-120.49
34.6687,1489.05,292.959,292.959,-180
48.5456,-2.6651e+06,-4.52625e+06,3.60869e+06,1252.51
13.5,-180,57.6014,0,8.91618
0,9.05339,-3.55445e-13,-0.72838,-120.49
34.6678,1601,304.523,304.523,-180
48.5479,-2.66518e+06,-4.52638e+06,3.60867e+06,1351.39
14,-180,57.2175,1.70755e-06,8.55024
0,8.68704,-3.55647e-13,-0.81354,-120.49
34.6669,1717.26,315.999,315.999,-180
48.5301,-2.66525e+06,-4.52651e+06,3.60865e+06,1454.09
14.5,-180,56.7896,0,8.15884
0,8.29593,-3.78263e-13,-0.904709,-120.49
34.6659,1837.75,327.374,327.374,-180
48.4932,-2.66534e+06,-4.52665e+06,3.60863e+06,1560.63
15,-180,56.3146,0,7.73728
0,7.87552,-4.02644e-13,-1.00196,-120.49
34.6649,1962.4,338.631,338.631,-180
48.4385,-2.66542e+06,-4.52679e+06,3.60861e+06,1671.01
15.5,-180,55.7896,1.70755e-06,7.2839
0,7.4244,-4.2411e-13,-1.10535,-120.49
34.6639,2091.1,349.756,349.756,-180
48.3644,-2.66551e+06,-4.52694e+06,3.60859e+06,1785.24
16,-180,55.2114,1.20742e-06,6.79595
0,6.94142,-4.20266e-13,-1.21492,-120.49
34.6628,2223.77,360.803,360.803,-180
48.2689,-2.6656e+06,-4.52709e+06,3.60857e+06,1903.35
16.5,-180,54.5769,2.56132e-06,6.27324
0,6.42553,-3.86662e-13,-1.33073,-120.49
34.6617,2360.33,371.813,371.813,-180
48.1501,-2.66569e+06,-4.52725e+06,3.60855e+06,2025.37
17,-180,53.8831,2.69987e-06,5.71427
0,5.87584,-3.82269e-13,-1.45286,-120.49
34.6606,2500.7,382.784,382.784,-180
48.0056,-2.66578e+06,-4.52741e+06,3.60853e+06,2151.37
17.5,-180,53.1266,3.07832e-06,5.11559
0,5.28994,-3.84397e-13,-1.58135,-120.49
34.6594,2644.78,393.711,393.711,-180
47.8348,-2.66588e+06,-4.52757e+06,3.6085e+06,2281.42
18,-180,52.3043,3.62225e-06,4.47214
0,4.6666,-4.03385e-13,-1.71624,-120.49
34.6582,2792.49,404.637,404.637,-180
47.6356,-2.66598e+06,-4.52774e+06,3.60847e+06,2415.61
18.5,-180,51.4131,4.00455e-06,3.78004
0,4.00455,-3.83325e-13,-1.85764,-120.49
34.657,2943.73,415.662,415.662,-180
47.4061,-2.66608e+06,-4.52792e+06,3.60845e+06,2554.04
19,-180,50.4496,4.67631e-06,3.02929
0,3.30105,-3.65684e-13,-2.00566,-120.49
34.6557,3098.46,426.796,426.796,-180
47.1458,-2.66619e+06,-4.5281e+06,3.60842e+06,2696.88
19.5,-180,49.4104,5.26301e-06,2.19846
0,2.55498,-3.43957e-13,-2.16044,-120.49
34.6544,3256.58,438.047,438.047,-180
46.8523,-2.6663e+06,-4.52828e+06,3.60839e+06,2844.27
20,-180,48.2923,5.91512e-06,1.20294
0,1.76558,-3.36008e-13,-2.32209,-120.49
34.653,3418.02,449.419,449.419,-180
46.5232,-2.66641e+06,-4.52847e+06,3.60835e+06,2996.39
20.5,-180,47.0916,6.77662e-06,0
0,0.934708,-3.42863e-13,-2.49074,-120.49
34.6516,3582.66,460.909,460.909,-180
46.153,-2.66652e+06,-4.52867e+06,3.60832e+06,3153.43
21,-180,45.8049,7.63638e-06,0
0,0.0466365,-3.39071e-13,-2.6665,-120.49
34.6501,3750.39,472.544,472.544,-180
45.7542,-2.66664e+06,-4.52886e+06,3.60828e+06,3315.59
21.5,-180,44.5082,6.55796e-06,0
180,-0.829742,8.05451e-15,-2.50324,-120.49
34.6486,3921.14,484.346,484.346,-180
45.3337,-2.66676e+06,-4.52907e+06,3.60824e+06,3483.04
22,180,43.3045,5.46682e-06,0.961948
180,-1.58942,1.33609e-12,-2.31283,-120.49
34.6471,4094.84,496.336,496.336,-180
44.8893,-2.66688e+06,-4.52928e+06,3.60819e+06,3655.97
22.5,180,42.1979,-4.51775e-06,1.82253
180,-2.21647,3.90511e-12,-2.11485,-120.49
34.6454,4271.38,508.552,508.552,-180
44.4094,-2.66701e+06,-4.52949e+06,3.60815e+06,3834.58
23,180,41.1922,-3.72151e-06,2.41036
180,-2.71789,7.52157e-12,-1.90913,-120.49
34.6438,4450.68,520.989,520.989,-180
43.9049,-2.66714e+06,-4.52971e+06,3.6081e+06,4019.12
23.5,180,40.2914,-3.07832e-06,2.83343
180,-3.09536,1.19499e-11,-1.69551,-120.49
34.6421,4632.63,533.563,533.563,-180
43.3814,-2.66727e+06,-4.52993e+06,3.60804e+06,4209.79
24,180,39.4993,-1.9091e-06,3.11507
180,-3.3517,1.56054e-11,-1.4739,-120.49
34.6403,4817.12,546.249,546.249,-180
42.8457,-2.6674e+06,-4.53016e+06,3.60799e+06,4406.73
24.5,180,38.8202,-8.53774e-07,3.26605
180,-3.48942,1.85722e-11,-1.24425,-120.49
34.6385,5004.06,559.05,559.05,180
42.3042,-2.66754e+06,-4.53039e+06,3.60793e+06,4610.07
25,180,38.2578,-0,3.29192
180,-3.51084,2.07735e-11,-1.00645,-120.49
34.6366,5193.37,571.973,571.973,180
41.7633,-2.66768e+06,-4.53062e+06,3.60786e+06,4819.94
25.5,180,37.8165,-8.53774e-07,3.19578
180,-3.41818,2.21448e-11,-0.760455,-120.49
34.6346,5385.01,585.025,585.025,180
41.2294,-2.66782e+06,-4.53087e+06,3.60779e+06,5036.44
26,180,37.5002,-0,2.97883
180,-3.21361,2.27113e-11,-0.506177,-120.49
34.6326,5578.94,598.213,598.213,180
40.7087,-2.66796e+06,-4.53111e+06,3.60772e+06,5259.62
26.5,180,37.3132,-0,2.63977
180,-2.89934,2.23284e-11,-0.243551,-120.49
34.6305,5775.17,611.541,611.541,180
40.2077,-2.66811e+06,-4.53137e+06,3.60764e+06,5489.57
27,180,37.2596,-0,2.17179
180,-2.47773,2.09839e-11,0.027489,-120.49
34.6284,5973.74,625.015,625.015,180
39.7328,-2.66826e+06,-4.53162e+06,3.60756e+06,5726.29
27.5,180,37.3437,-0,1.54952
180,-1.95091,1.85907e-11,0.306999,-120.49
34.6262,6174.71,638.629,638.629,180
39.2903,-2.66842e+06,-4.53188e+06,3.60747e+06,5969.82
28,180,37.5696,-0,0.601072
180,-1.32106,1.50038e-11,0.595,-120.49
34.6239,6378.18,652.339,652.339,180
38.8869,-2.66858e+06,-4.53215e+06,3.60738e+06,6220.11
28.5,180,37.9417,-1.47878e-06,0
180,-0.593113,1.01081e-11,0.891465,-120.49
34.6216,6584.29,666.124,666.124,180
38.5314,-2.66874e+06,-4.53242e+06,3.60729e+06,6477.08
29,180,38.4526,-0,0
0,0.245904,4.07913e-12,1.02085,-120.49
34.6192,6793.16,680.016,680.016,180
38.2035,-2.6689e+06,-4.5327e+06,3.60719e+06,6740.69
29.5,180,38.889,-8.53774e-07,0
0,0.985069,-1.44751e-12,0.707568,-120.49
34.6168,7004.87,694.018,694.018,180
37.901,-2.66907e+06,-4.53298e+06,3.60708e+06,7010.92
30,180,39.1668,-1.70755e-06,1.01695
0,1.53332,-6.85068e-12,0.385932,-120.49
34.6143,7219.53,708.149,708.149,180
37.631,-2.66924e+06,-4.53327e+06,3.60698e+06,7287.75
30.5,-180,39.2819,0,1.49974
-3.60008e-10,1.88458,-1.18416e-11,0.0559883,-120.49
34.6118,7437.29,722.417,722.417,180
37.3951,-2.66941e+06,-4.53356e+06,3.60687e+06,7571.13
31,-180,39.23,0,1.70754
-4.35752e-10,2.0503,-1.55929e-11,-0.282195,-120.49
34.6091,7658.28,736.812,736.812,180
37.1775,-2.66958e+06,-4.53386e+06,3.60676e+06,7861.05
31.5,-180,39.007,0,1.69511
-5.04933e-10,2.03659,-1.79477e-11,-0.628527,-120.49
34.6065,7882.54,751.334,751.334,180
36.9684,-2.66976e+06,-4.53417e+06,3.60664e+06,8157.55
32,-180,38.609,0,1.46838
-5.78927e-10,1.84862,-1.86792e-11,-0.982903,-120.49
34.6037,8110.1,765.984,765.984,180
36.7583,-2.66995e+06,-4.53448e+06,3.60652e+06,8460.67
32.5,-180,38.0319,1.9091e-06,0.987942
-6.76574e-10,1.49156,-1.76144e-11,-1.34521,-120.49
34.601,8340.91,780.767,780.767,180
36.5381,-2.67013e+06,-4.53479e+06,3.60639e+06,8770.52
33,-180,37.2718,2.69987e-06,0
-8.58578e-10,0.974335,-1.46025e-11,-1.71531,-120.49
34.5981,8574.89,795.679,795.679,180
36.2949,-2.67032e+06,-4.53511e+06,3.60627e+06,9087.26
33.5,-180,36.3248,4.26887e-06,0
-1.75995e-09,0.290832,-8.93509e-12,-2.09307,-120.49
34.5952,8811.86,810.735,810.735,180
36.0313,-2.67051e+06,-4.53544e+06,3.60613e+06,9411.06
34,180,35.2626,-3.81819e-06,0
180,-0.495427,6.2845e-13,-1.98731,-120.49
34.5922,9051.75,825.954,825.954,180
35.7552,-2.67071e+06,-4.53577e+06,3.606e+06,9742.08
34.5,180,34.3679,-2.25887e-06,0.0923148
180,-1.1028,1.1703e-11,-1.5946,-120.49
34.5891,9294.45,841.342,841.342,180
35.4677,-2.67091e+06,-4.53611e+06,3.60586e+06,10080.5
35,180,33.6714,-1.9091e-06,1.01023
180,-1.49052,2.0904e-11,-1.1946,-120.49
34.586,9539.87,856.923,856.923,180
35.1587,-2.67111e+06,-4.53645e+06,3.60571e+06,10426.4
35.5,180,33.1767,-8.53774e-07,1.25594
180,-1.66466,2.69342e-11,-0.787423,-120.49
34.5828,9787.87,872.696,872.696,180
34.8382,-2.67132e+06,-4.5368e+06,3.60556e+06,10780.1
36,180,32.8875,-8.53774e-07,1.21809
180,-1.63415,2.94874e-11,-0.373205,-120.49
34.5796,10038.4,888.662,888.662,180
34.5185,-2.67152e+06,-4.53716e+06,3.6054e+06,11141.7
36.5,180,32.8071,-8.53774e-07,0.892253
180,-1.40552,2.82466e-11,0.0479204,-120.49
34.5762,10291.5,904.823,904.823,180
34.2096,-2.67174e+06,-4.53752e+06,3.60524e+06,11511.2
37,180,32.939,-8.53774e-07,0
180,-0.987767,2.30088e-11,0.475793,-120.49
34.5728,10547.1,921.165,921.165,180
33.9241,-2.67195e+06,-4.53789e+06,3.60508e+06,11888.8
37.5,180,33.2865,-8.53774e-07,0
180,-0.379132,1.30276e-11,0.910223,-120.49
34.5694,10805.6,937.691,937.691,180
33.6632,-2.67217e+06,-4.53826e+06,3.6049e+06,12274.4
38,180,33.7988,-0,0
0,0.375991,-4.15864e-12,0.904303,-120.49
34.5658,11066.9,954.415,954.415,180
33.4205,-2.67239e+06,-4.53864e+06,3.60473e+06,12668
38.5,-180,34.1458,8.53774e-07,0
-1.28109e-09,0.948105,-2.12017e-11,0.459697,-120.49
34.5622,11331.3,971.36,971.36,180
33.1955,-2.67262e+06,-4.53902e+06,3.60455e+06,13069.6
39,-180,34.2699,8.53774e-07,0.695382
-1.47657e-09,1.27798,-3.29377e-11,0.0126064,-120.49
34.5585,11598.8,988.547,988.547,180
32.9899,-2.67285e+06,-4.53941e+06,3.60436e+06,13479.4
39.5,-180,34.1699,0,0.849954
-1.61399e-09,1.36682,-3.85057e-11,-0.436776,-120.49
34.5547,11869.6,1005.98,1005.98,180
32.8012,-2.67308e+06,-4.53981e+06,3.60417e+06,13897.4
40,-180,33.8449,1.20742e-06,0.605859
-1.75707e-09,1.22846,-3.76763e-11,-0.888243,-120.49
34.5509,12143.8,1023.66,1023.66,180
32.6145,-2.67332e+06,-4.54021e+06,3.60397e+06,14323.5
40.5,-180,33.2937,1.70755e-06,0
-1.97904e-09,0.875866,-3.02571e-11,-1.34158,-120.49
34.547,12421.3,1041.59,1041.59,180
32.4157,-2.67356e+06,-4.54062e+06,3.60377e+06,14758.1
41,-180,32.5154,2.41484e-06,0
-2.84612e-09,0.306202,-1.52129e-11,-1.7966,-120.49
34.543,12702.1,1059.79,1059.79,180
32.2071,-2.67381e+06,-4.54104e+06,3.60356e+06,15201.2
41.5,180,31.5823,-2.83165e-06,0
180,-0.408645,1.65579e-11,-1.72778,-120.49
34.5389,12986.1,1078.25,1078.25,180
31.9887,-2.67406e+06,-4.54146e+06,3.60335e+06,15653.1
42,180,30.8347,-1.20742e-06,0
180,-0.928907,4.77722e-11,-1.26998,-120.49
34.5348,13273.3,1097,1097,180
31.7613,-2.67431e+06,-4.54189e+06,3.60314e+06,16114
42.5,180,30.3163,-0,0.581706
180,-1.21099,6.65872e-11,-0.81106,-120.49
34.5305,13563.5,1116.03,1116.03,180
31.5249,-2.67457e+06,-4.54233e+06,3.60291e+06,16584
43,180,30.0278,-1.20742e-06,0.672534
180,-1.25632,7.21737e-11,-0.351171,-120.49
34.5262,13856.8,1135.35,1135.35,180
31.2817,-2.67483e+06,-4.54277e+06,3.60268e+06,17063.4
43.5,180,29.9694,-0,0.198137
180,-1.07856,6.46504e-11,0.109528,-120.49
34.5218,14153.1,1154.98,1154.98,180
31.0457,-2.67509e+06,-4.54322e+06,3.60245e+06,17552.3
44,180,30.1417,-0,0
180,-0.687526,4.40779e-11,0.570876,-120.49
34.5173,14452.5,1174.9,1174.9,180
30.8271,-2.67536e+06,-4.54367e+06,3.6022e+06,18050.8
44.5,180,30.5448,-0,0
180,-0.0785479,8.96566e-12,1.03271,-120.49
34.5127,14755.2,1195.14,1195.14,180
30.6214,-2.67563e+06,-4.54414e+06,3.60196e+06,18559
45,-180,30.9981,0,0
-3.60013e-09,0.564705,-3.54882e-11,0.667588,-120.49
34.5081,15061.3,1215.7,1215.7,180
30.4316,-2.67591e+06,-4.54461e+06,3.6017e+06,19076.9
45.5,-180,31.2234,0,0
-3.9062e-09,0.966873,-6.59257e-11,0.205301,-120.49
34.5033,15371,1236.59,1236.59,180
30.2548,-2.67619e+06,-4.54509e+06,3.60144e+06,19604.8
46,-180,31.2176,8.53774e-07,0.392286
-4.07009e-09,1.12689,-8.00588e-11,-0.256938,-120.49
34.4984,15684.4,1257.8,1257.8,180
30.0891,-2.67648e+06,-4.54557e+06,3.60117e+06,20142.6
46.5,-180,30.9809,8.53774e-07,0
-4.22816e-09,1.05002,-7.74951e-11,-0.71894,-120.49
34.4935,16001.6,1279.35,1279.35,180
29.9292,-2.67677e+06,-4.54607e+06,3.6009e+06,20690.5
47,-180,30.5133,1.47878e-06,0
-4.47695e-09,0.747715,-5.84328e-11,-1.18052,-120.49
34.4885,16322.6,1301.25,1301.25,180
29.764,-2.67706e+06,-4.54657e+06,3.60062e+06,21248.7
47.5,-180,29.8152,2.41484e-06,0
-5.65509e-09,0.219729,-2.16908e-11,-1.64149,-120.49
34.4834,16647.5,1323.5,1323.5,180
29.5938,-2.67736e+06,-4.54708e+06,3.60034e+06,21817.3
48,180,28.9887,-1.9091e-06,0
180,-0.428047,3.67148e-11,-1.48061,-120.49
34.4781,16976.2,1346.12,1346.12,180
29.4149,-2.67767e+06,-4.54759e+06,3.60004e+06,22396.6
48.5,180,28.3663,-8.53774e-07,0
180,-0.864193,8.21059e-11,-1.02136,-120.49
34.4728,17308.6,1369.1,1369.1,180
29.2286,-2.67798e+06,-4.54812e+06,3.59974e+06,22986.9
49,180,27.9733,-0,0.172444
180,-1.06753,1.05137e-10,-0.563224,-120.49
34.4674,17644.7,1392.45,1392.45,180
29.0389,-2.67829e+06,-4.54865e+06,3.59944e+06,23588.3
49.5,180,27.8092,-0,0
180,-1.04082,1.05243e-10,-0.106339,-120.49
34.4619,17984.5,1416.18,1416.18,180
28.8482,-2.67861e+06,-4.54919e+06,3.59912e+06,24201
50,180,27.8733,-0,0
180,-0.793671,8.27122e-11,0.349146,-120.49
34.4562,18328.1,1440.31,1440.31,180
28.6652,-2.67893e+06,-4.54974e+06,3.5988e+06,24825.3
50.5,180,28.1649,-0,0
180,-0.328345,3.69832e-11,0.803091,-120.49
34.4505,18675.4,1464.83,1464.83,180
28.4916,-2.67926e+06,-4.5503e+06,3.59847e+06,25461.3
51,-180,28.6343,0,0
-5.797e-09,0.301684,-3.05284e-11,0.826143,-120.49
34.4447,19026.9,1489.76,1489.76,180
28.3311,-2.67959e+06,-4.55087e+06,3.59813e+06,26109.1
51.5,-180,28.9429,0,0
-6.35253e-09,0.757824,-8.40337e-11,0.37572,-120.49
34.4387,19382.5,1515.1,1515.1,180
28.1836,-2.67993e+06,-4.55144e+06,3.59779e+06,26768.8
52,-180,29.0268,0,0
-6.53915e-09,0.980447,-1.11912e-10,-0.0727112,-120.49
34.4327,19742.5,1540.87,1540.87,180
28.045,-2.68028e+06,-4.55202e+06,3.59744e+06,27440.6
52.5,-180,28.8872,0,0
-6.69779e-09,0.974874,-1.13975e-10,-0.518987,-120.49
34.4265,20107,1567.07,1567.07,180
27.911,-2.68063e+06,-4.55262e+06,3.59708e+06,28124.6
53,-180,28.5252,1.20742e-06,0
-6.92355e-09,0.746469,-9.0215e-11,-0.962517,-120.49
34.4202,20476,1593.71,1593.71,180
27.7774,-2.68098e+06,-4.55322e+06,3.59671e+06,28821.1
53.5,-180,27.9423,1.47878e-06,0
-7.67447e-09,0.300789,-4.02957e-11,-1.4029,-120.49
34.4138,20849.7,1620.81,1620.81,180
27.6401,-2.68134e+06,-4.55383e+06,3.59633e+06,29530.3
54,180,27.1936,-1.70755e-06,0
180,-0.303283,3.89239e-11,-1.39935,-120.49
34.4073,21227.9,1648.38,1648.38,180
27.4954,-2.68171e+06,-4.55445e+06,3.59595e+06,30252.4
54.5,180,26.607,-8.53774e-07,0
180,-0.737926,1.0466e-10,-0.965518,-120.49
34.4007,21610.7,1676.42,1676.42,180
27.3434,-2.68208e+06,-4.55509e+06,3.59556e+06,30987.8
55,180,26.2366,-8.53774e-07,0
180,-0.952849,1.38928e-10,-0.535066,-120.49
34.3939,21997.9,1704.95,1704.95,180
27.1879,-2.68246e+06,-4.55573e+06,3.59516e+06,31736.6
55.5,180,26.0807,-0,0
180,-0.953678,1.41604e-10,-0.108042,-120.49
34.3871,22389.7,1733.98,1733.98,180
27.0329,-2.68284e+06,-4.55638e+06,3.59475e+06,32499.2
56,180,26.1376,-0,0
180,-0.74595,1.12941e-10,0.315512,-120.49
34.3801,22786,1763.52,1763.52,180
26.8821,-2.68323e+06,-4.55704e+06,3.59433e+06,33275.9
56.5,180,26.4055,-0,0
180,-0.335114,5.31169e-11,0.735561,-120.49
34.3729,23187.1,1793.58,1793.58,180
26.7393,-2.68363e+06,-4.55771e+06,3.5939e+06,34066.7
57,-180,26.8487,8.53774e-07,0
-8.55564e-09,0.239442,-3.57604e-11,0.807232,-120.49
34.3657,23593.1,1824.16,1824.16,180
26.608,-2.68403e+06,-4.55839e+06,3.59346e+06,34871.9
57.5,-180,27.1584,0,0
-9.1668e-09,0.668741,-1.07008e-10,0.394312,-120.49
34.3583,24004.2,1855.27,1855.27,180
26.4885,-2.68443e+06,-4.55909e+06,3.59301e+06,35691.8
58,-180,27.2626,0,0
-9.35913e-09,0.88446,-1.44493e-10,-0.0149792,-120.49
34.3508,24420.6,1886.92,1886.92,180
26.3771,-2.68485e+06,-4.55979e+06,3.59256e+06,36526.3
58.5,-180,27.1633,0,0
-9.52187e-09,0.892269,-1.48304e-10,-0.420599,-120.49
34.3431,24842.5,1919.12,1919.12,180
26.2699,-2.68527e+06,-4.5605e+06,3.59209e+06,37375.9
59,-180,26.8621,0,0
-9.75067e-09,0.697746,-1.1876e-10,-0.822514,-120.49
34.3353,25270,1951.88,1951.88,180
26.1633,-2.6857e+06,-4.56123e+06,3.59162e+06,38240.7
59.5,-180,26.3611,1.20742e-06,0
-1.04623e-08,0.306378,-5.59543e-11,-1.2207,-120.49
34.3274,25703.2,1985.23,1985.23,180
26.0536,-2.68613e+06,-4.56197e+06,3.59113e+06,39121
60,180,25.6976,-1.20742e-06,0
180,-0.240965,4.17011e-11,-1.2729,-120.49
34.3193,26141.9,2019.18,2019.18,180
25.9373,-2.68657e+06,-4.56272e+06,3.59063e+06,40017.2
60.5,180,25.1652,-0,0
180,-0.650275,1.23675e-10,-0.882166,-120.49
34.3111,26586.3,2053.74,2053.74,180
25.8143,-2.68702e+06,-4.56348e+06,3.59013e+06,40929.5
61,180,24.8267,-0,0.945456
180,-0.868846,1.69174e-10,-0.501354,-120.49
34.3027,27034.1,2060.54,2060.54,180
25.6944,-2.68747e+06,-4.56425e+06,3.58961e+06,41853.8
61.5,180,24.6724,-8.53774e-07,0.976423
180,-0.905231,1.79283e-10,-0.146686,-120.49
34.2944,27479.3,2056.27,2056.27,180
25.5764,-2.68793e+06,-4.56502e+06,3.5891e+06,42777.7
62,180,24.6891,-0,0.850372
180,-0.770637,1.55575e-10,0.182958,-120.49
34.2861,27921.8,2052.15,2052.15,180
25.4586,-2.68838e+06,-4.56578e+06,3.58858e+06,43700.5
62.5,180,24.8649,-0,0.594102
180,-0.477593,9.99354e-11,0.489566,-120.49
34.2778,28361.5,2048.19,2048.19,180
25.3414,-2.68883e+06,-4.56654e+06,3.58806e+06,44622.4
63,180,25.1888,-0,0.349558
180,-0.0373046,1.3131e-11,0.774947,-120.49
34.2695,28798.4,2044.36,2044.36,180
25.2249,-2.68927e+06,-4.5673e+06,3.58755e+06,45543.3
63.5,-180,25.5383,0,0.546278
-1.26856e-08,0.425807,-9.42737e-11,0.550333,-120.49
34.2612,29232.7,2040.66,2040.66,180
25.1113,-2.68972e+06,-4.56806e+06,3.58703e+06,46463.3
64,-180,25.7603,0,0.832256
-1.31614e-08,0.760893,-1.74777e-10,0.302598,-120.49
34.2529,29664.5,2037.08,2037.08,180
24.9983,-2.69016e+06,-4.56882e+06,3.58651e+06,47382.5
64.5,-180,25.8626,1.20742e-06,1.03106
-1.33682e-08,0.97601,-2.27707e-10,0.0715595,-120.49
34.2446,30093.6,2033.61,2033.61,180
24.8855,-2.69061e+06,-4.56957e+06,3.58598e+06,48300.9
65,-180,25.8532,0,1.12822
-1.35091e-08,1.07952,-2.54509e-10,-0.144043,-120.49
34.2363,30520.2,2030.24,2030.24,180
24.7726,-2.69105e+06,-4.57032e+06,3.58546e+06,49218.5
65.5,-180,25.7396,0,1.12661
-1.36324e-08,1.07915,-2.56743e-10,-0.345364,-120.49
34.2281,30944.3,2026.96,2026.96,180
24.6593,-2.69149e+06,-4.57107e+06,3.58494e+06,50135.4
66,-180,25.5285,0,1.03265
-1.37645e-08,0.982003,-2.35897e-10,-0.533462,-120.49
34.2198,31365.9,2023.77,2023.77,180
24.5454,-2.69193e+06,-4.57182e+06,3.58441e+06,51051.6
66.5,-180,25.2265,0,0.854957
-1.39379e-08,0.794607,-1.93289e-10,-0.709309,-120.49
34.2116,31785,2020.67,2020.67,180
24.4307,-2.69237e+06,-4.57256e+06,3.58389e+06,51967.1
67,-180,24.8393,8.53774e-07,0.608861
-1.42579e-08,0.522975,-1.30137e-10,-0.873796,-120.49
34.2033,32201.6,2017.64,2017.64,180
24.3152,-2.69281e+06,-4.5733e+06,3.58336e+06,52882.1
67.5,-180,24.3726,1.20742e-06,0.35319
-1.56749e-08,0.172644,-4.72311e-11,-1.02747,-120.49
34.1951,32615.7,2014.7,2014.7,180
24.1988,-2.69324e+06,-4.57404e+06,3.58284e+06,53796.4
68,180,23.8542,-8.53774e-07,0.380493
180,-0.227896,5.5641e-11,-1.00834,-120.49
34.1868,33027.4,2011.82,2011.82,180
24.0809,-2.69368e+06,-4.57478e+06,3.58231e+06,54710.2
68.5,180,23.3915,-8.53774e-07,0.646319
180,-0.571694,1.49483e-10,-0.87427,-120.49
34.1786,33436.6,2009.01,2009.01,180
23.962,-2.69411e+06,-4.57552e+06,3.58178e+06,55623.5
69,180,22.9937,-8.53774e-07,0.900853
180,-0.849978,2.2631e-10,-0.748893,-120.49
34.1704,33843.3,2006.26,2006.26,180
23.8425,-2.69454e+06,-4.57625e+06,3.58125e+06,56536.4
69.5,180,22.6565,-8.53774e-07,1.10721
180,-1.06703,2.8694e-10,-0.631557,-120.49
34.1621,34247.6,2003.56,2003.56,180
23.7224,-2.69497e+06,-4.57698e+06,3.58072e+06,57448.8
70,180,22.3762,-8.53774e-07,1.26129
180,-1.22683,3.32219e-10,-0.521665,-120.49
34.1539,34649.3,2000.92,2000.92,180
23.6018,-2.6954e+06,-4.57771e+06,3.58018e+06,58360.7
70.5,180,22.1491,-0,1.36428
180,-1.33305,3.63084e-10,-0.418669,-120.49
34.1457,35048.7,1998.34,1998.34,180
23.4809,-2.69583e+06,-4.57844e+06,3.57965e+06,59272.3
71,180,21.9719,-0,1.4186
180,-1.38911,3.80339e-10,-0.322065,-120.49
34.1375,35445.6,1995.8,1995.8,180
23.3598,-2.69626e+06,-4.57917e+06,3.57911e+06,60183.4
71.5,180,21.8415,-0,1.42696
180,-1.39814,3.84791e-10,-0.231393,-120.49
34.1293,35840,1993.3,1993.3,180
23.2385,-2.69669e+06,-4.57989e+06,3.57858e+06,61094.2
72,180,21.7551,-0,1.39214
180,-1.36305,3.77188e-10,-0.14623,-120.49
34.1211,36232,1990.85,1990.85,180
23.117,-2.69711e+06,-4.58061e+06,3.57804e+06,62004.6
72.5,180,21.71,-0,1.31686
180,-1.28655,3.58175e-10,-0.0661842,-120.49
34.1129,36621.6,1988.44,1988.44,180
22.9954,-2.69754e+06,-4.58134e+06,3.5775e+06,62914.7
73,180,21.7038,-0,1.20386
180,-1.17112,3.28393e-10,0.00910158,-120.49
34.1047,37008.8,1986.07,1986.07,180
22.8737,-2.69796e+06,-4.58205e+06,3.57696e+06,63824.4
73.5,180,21.7341,-0,1.05603
180,-1.01908,2.88405e-10,0.0799578,-120.49
34.0965,37393.6,1983.73,1983.73,180
22.7519,-2.69838e+06,-4.58277e+06,3.57642e+06,64733.9
74,180,21.7988,-0,0.876838
180,-0.832596,2.38736e-10,0.146689,-120.49
34.0883,37776,1981.44,1981.44,180
22.6301,-2.6988e+06,-4.58348e+06,3.57587e+06,65643
74.5,180,21.8959,-8.53774e-07,0.671719
180,-0.613653,1.79788e-10,0.209576,-120.49
34.0801,38156,1979.17,1979.17,180
22.5083,-2.69922e+06,-4.5842e+06,3.57533e+06,66551.8
75,180,22.0235,-0,0.454165
180,-0.364107,1.11965e-10,0.268877,-120.49
34.0719,38533.6,1976.94,1976.94,180
22.3864,-2.69964e+06,-4.58491e+06,3.57478e+06,67460.4
75.5,180,22.18,-0,0.283074
180,-0.0856614,3.52078e-11,0.324833,-120.49
34.0637,38908.9,1974.73,1974.73,180
22.2644,-2.70006e+06,-4.58562e+06,3.57424e+06,68368.6
76,-180,22.3505,0,0.338641
-1.64513e-08,0.206731,-5.93579e-11,0.302734,-120.49
34.0555,39281.8,1972.56,1972.56,180
22.1426,-2.70047e+06,-4.58632e+06,3.57369e+06,69276.6
76.5,-180,22.4977,0,0.545453
-1.83458e-08,0.475806,-1.52347e-10,0.252822,-120.49
34.0473,39652.4,1970.41,1970.41,180
22.0207,-2.70089e+06,-4.58703e+06,3.57314e+06,70184.4
77,-180,22.6207,8.53774e-07,0.767981
-1.88895e-08,0.720726,-2.37603e-10,0.20564,-120.49
34.0391,40020.6,1968.29,1968.29,180
21.8987,-2.7013e+06,-4.58773e+06,3.57259e+06,71091.9
77.5,-180,22.7206,0,0.979036
-1.916e-08,0.942822,-3.15267e-10,0.161013,-120.49
34.031,40386.5,1966.19,1966.19,180
21.7766,-2.70172e+06,-4.58844e+06,3.57204e+06,71999.1
78,-180,22.7989,8.53774e-07,1.17308
-1.93254e-08,1.14335,-3.85612e-10,0.118776,-120.49
34.0228,40750,1964.12,1964.12,180
21.6543,-2.70213e+06,-4.58913e+06,3.57148e+06,72906.1
78.5,-180,22.8565,0,1.34899
-1.94402e-08,1.32348,-4.49005e-10,0.0787805,-120.49
34.0146,41111.2,1962.07,1962.07,180
21.5318,-2.70254e+06,-4.58983e+06,3.57093e+06,73812.9
79,-180,22.8947,0,1.50688
-1.95249e-08,1.48431,-5.05753e-10,0.0408844,-120.49
34.0064,41470.1,1960.04,1960.04,180
21.4092,-2.70295e+06,-4.59053e+06,3.57037e+06,74719.4
79.5,-180,22.9145,8.53774e-07,1.64731
-1.95896e-08,1.62689,-5.56157e-10,0.00495775,-120.49
33.9983,41826.7,1958.04,1958.04,180
21.2864,-2.70336e+06,-4.59122e+06,3.56982e+06,75625.7
80,-180,22.9167,8.53774e-07,1.77097
-1.96426e-08,1.75217,-6.00592e-10,-0.0291208,-120.49
33.9901,42180.9,1956.06,1956.06,180
21.1633,-2.70377e+06,-4.59192e+06,3.56926e+06,76531.8
80.5,-180,22.9023,0,1.8786
-1.96862e-08,1.86105,-6.39319e-10,-0.0614639,-120.49
33.9819,42532.8,1954.09,1954.09,180
21.04,-2.70417e+06,-4.59261e+06,3.5687e+06,77437.7
81,-180,22.8721,0,1.97097
-1.9723e-08,1.9544,-6.72629e-10,-0.0921767,-120.49
33.9738,42882.5,1952.15,1952.15,180
20.9165,-2.70458e+06,-4.5933e+06,3.56814e+06,78343.4
81.5,-180,22.827,0,2.04879
-1.97537e-08,2.033,-7.00757e-10,-0.121357,-120.49
33.9656,43229.8,1950.22,1950.22,180
20.7928,-2.70498e+06,-4.59398e+06,3.56758e+06,79248.8
82,-180,22.7676,0,2.11277
-1.97811e-08,2.09759,-7.24013e-10,-0.149096,-120.49
33.9574,43574.8,1948.32,1948.32,180
20.6688,-2.70539e+06,-4.59467e+06,3.56701e+06,80154.1
82.5,-180,22.6947,0,2.16357
-1.98042e-08,2.14888,-7.42576e-10,-0.175479,-120.49
33.9493,43917.4,1946.43,1946.43,180
20.5446,-2.70579e+06,-4.59535e+06,3.56645e+06,81059.2
83,-180,22.609,0,2.20184
-1.98247e-08,2.18753,-7.56705e-10,-0.200584,-120.49
33.9411,44257.8,1944.56,1944.56,180
20.4202,-2.70619e+06,-4.59603e+06,3.56588e+06,81964.1
83.5,-180,22.5109,8.53774e-07,2.22819
-1.98422e-08,2.21416,-7.66594e-10,-0.224487,-120.49
33.933,44595.9,1942.71,1942.71,180
20.2955,-2.70659e+06,-4.59671e+06,3.56531e+06,82868.8
84,-180,22.4012,0,2.2432
-1.98559e-08,2.22938,-7.72391e-10,-0.247256,-120.49
33.9248,44931.7,1940.87,1940.87,180
20.1706,-2.70699e+06,-4.59739e+06,3.56475e+06,83773.4
84.5,-180,22.2804,0,2.2474
-1.98689e-08,2.23372,-7.74404e-10,-0.268956,-120.49
33.9167,45265.1,1939.05,1939.05,180
20.0454,-2.70739e+06,-4.59807e+06,3.56418e+06,84677.8
85,-180,22.1489,0,2.24133
-1.98793e-08,2.22772,-7.72728e-10,-0.289647,-120.49
33.9085,45596.3,1937.25,1937.25,180
19.92,-2.70779e+06,-4.59874e+06,3.56361e+06,85582
85.5,-180,22.0074,0,2.22546
-1.98885e-08,2.21186,-7.67585e-10,-0.309386,-120.49
33.9004,45925.1,1935.46,1935.46,180
19.7943,-2.70818e+06,-4.59942e+06,3.56303e+06,86486
86,-180,21.8562,0,2.20026
-1.98946e-08,2.18661,-7.59057e-10,-0.328227,-120.49
33.8922,46251.7,1933.69,1933.69,180
19.6683,-2.70858e+06,-4.60009e+06,3.56246e+06,87389.9
86.5,-180,21.6958,0,2.16616
-1.99001e-08,2.15241,-7.47395e-10,-0.346218,-120.49
33.8841,46575.9,1931.93,1931.93,180
19.5421,-2.70897e+06,-4.60076e+06,3.56188e+06,88293.6
87,-180,21.5266,8.53774e-07,2.12358
-1.99029e-08,2.10966,-7.32663e-10,-0.363406,-120.49
33.8759,46897.9,1930.19,1930.19,180
19.4156,-2.70936e+06,-4.60142e+06,3.56131e+06,89197.1
87.5,-180,21.349,0,2.07292
-1.99035e-08,2.05876,-7.15014e-10,-0.379835,-120.49
33.8678,47217.6,1928.47,1928.47,180
19.2889,-2.70976e+06,-4.60209e+06,3.56073e+06,90100.6
88,-180,21.1633,8.53774e-07,2.01453
-1.99015e-08,2.00007,-6.94573e-10,-0.395553,-120.49
33.8596,47534.9,1926.76,1926.76,180
19.162,-2.71015e+06,-4.60275e+06,3.56015e+06,91003.8
88.5,-180,20.97,0,1.94877
-1.98983e-08,1.93393,-6.71505e-10,-0.410635,-120.49
33.8515,47850,1925.06,1925.06,180
19.0347,-2.71054e+06,-4.60342e+06,3.55957e+06,91906.9
89,-180,20.7692,0,1.87595
-1.98915e-08,1.86064,-6.45844e-10,-0.425113,-120.49
33.8433,48162.8,1923.38,1923.38,180
18.9073,-2.71093e+06,-4.60408e+06,3.55899e+06,92809.9
89.5,-180,20.5614,0,1.79637
-1.98811e-08,1.7805,-6.17712e-10,-0.439017,-120.49
33.8352,48473.2,1921.71,1921.71,180
18.7796,-2.71131e+06,-4.60474e+06,3.55841e+06,93712.7
90,-180,20.3467,0,1.71033
-1.9869e-08,1.69377,-5.87276e-10,-0.452373,-120.49
33.8271,48781.4,1920.05,1920.05,180
18.6516,-2.7117e+06,-4.60539e+06,3.55782e+06,94615.4
90.5,-180,20.1255,0,1.61812
-1.98524e-08,1.60074,-5.54563e-10,-0.465207,-120.49
33.8189,49087.3,1918.41,1918.41,180
18.5235,-2.71209e+06,-4.60605e+06,3.55724e+06,95517.9
91,-180,19.898,0,1.52002
-1.98306e-08,1.50164,-5.19669e-10,-0.477543,-120.49
33.8108,49390.8,1916.78,1916.78,180
18.395,-2.71247e+06,-4.6067e+06,3.55665e+06,96420.3
91.5,-180,19.6644,0,1.41632
-1.98034e-08,1.39673,-4.82705e-10,-0.489404,-120.49
33.8027,49692.1,1915.17,1915.17,180
18.2664,-2.71286e+06,-4.60735e+06,3.55606e+06,97322.6
92,-180,19.425,0,1.30732
-1.97681e-08,1.28623,-4.4373e-10,-0.500811,-120.49
33.7945,49991.1,1913.56,1913.56,180
18.1375,-2.71324e+06,-4.608e+06,3.55547e+06,98224.7
92.5,-180,19.18,0,1.19334
-1.97208e-08,1.17036,-4.02796e-10,-0.511785,-120.49
33.7864,50287.8,1911.98,1911.98,180
18.0084,-2.71362e+06,-4.60865e+06,3.55488e+06,99126.7
93,-180,18.9297,0,1.07472
-1.96601e-08,1.04933,-3.60037e-10,-0.522346,-120.49
33.7783,50582.2,1910.4,1910.4,180
17.8791,-2.714e+06,-4.6093e+06,3.55429e+06,100029
93.5,-180,18.6741,0,0.951887
-1.95806e-08,0.923348,-3.15534e-10,-0.532513,-120.49
33.7701,50874.3,1908.84,1908.84,180
17.7495,-2.71438e+06,-4.60994e+06,3.5537e+06,100930
94,-180,18.4136,8.53774e-07,0.825428
-1.94665e-08,0.792598,-2.69278e-10,-0.542302,-120.49
33.762,51164.1,1907.29,1907.29,180
17.6197,-2.71476e+06,-4.61059e+06,3.5531e+06,101832
94.5,-180,18.1482,0,0.696217
-1.93042e-08,0.657263,-2.21439e-10,-0.551732,-120.49
33.7539,51451.6,1905.75,1905.75,180
17.4897,-2.71514e+06,-4.61123e+06,3.55251e+06,102734
95,-180,17.8783,0,0.565822
-1.90421e-08,0.517514,-1.71991e-10,-0.560833,-120.49
33.7457,51736.8,1904.23,1904.23,180
17.3594,-2.71551e+06,-4.61187e+06,3.55191e+06,103635
95.5,-180,17.6038,0,0.437552
-1.85807e-08,0.373506,-1.21124e-10,-0.56963,-120.49
33.7376,52019.8,1902.72,1902.72,180
17.229,-2.71589e+06,-4.6125e+06,3.55131e+06,104536
96,-180,17.325,1.20742e-06,0.31993
-1.74925e-08,0.225386,-6.88099e-11,-0.578133,-120.49
33.7295,52300.4,1901.22,1901.22,180
17.0983,-2.71626e+06,-4.61314e+06,3.55071e+06,105437
96.5,-180,17.042,0,0.237781
-1.19588e-08,0.0732912,-1.52973e-11,-0.586354,-120.49
33.7214,52578.7,1899.73,1899.73,180
16.9674,-2.71664e+06,-4.61377e+06,3.55011e+06,106338
97,180,16.7561,0,0.239655
180,-0.0815676,3.73809e-11,-0.586023,-120.49
33.7132,52854.8,1898.26,1898.26,180
16.8363,-2.71701e+06,-4.61441e+06,3.54951e+06,107239
97.5,180,16.4731,0,0.323715
180,-0.233231,8.73055e-11,-0.578334,-120.49
33.7051,53128.5,1896.8,1896.8,180
16.705,-2.71738e+06,-4.61504e+06,3.54891e+06,108140
98,180,16.1939,8.53774e-07,0.441702
180,-0.38091,1.35814e-10,-0.570895,-120.49
33.697,53400,1895.35,1895.35,180
16.5735,-2.71775e+06,-4.61567e+06,3.5483e+06,109041
98.5,180,15.9183,-0,0.570053
180,-0.524726,1.82985e-10,-0.563698,-120.49
33.6889,53669.1,1893.91,1893.91,180
16.4417,-2.71812e+06,-4.61629e+06,3.54769e+06,109942
99,180,15.6463,-1.20742e-06,0.700854
180,-0.6648,2.28987e-10,-0.556733,-120.49
33.6808,53936,1892.48,1892.48,180
16.3098,-2.71849e+06,-4.61692e+06,3.54709e+06,110842
99.5,180,15.3777,-1.20742e-06,0.831172
180,-0.801247,2.73766e-10,-0.549991,-120.49
33.6726,54200.6,1891.07,1891.07,180
16.1776,-2.71885e+06,-4.61754e+06,3.54648e+06,111742
100,180,15.1125,-0,0.959767
180,-0.934178,3.17406e-10,-0.543463,-120.49
33.6645,54462.9,1889.67,1889.67,180
16.0453,-2.71922e+06,-4.61816e+06,3.54587e+06,112643
100.5,180,14.8504,-1.20742e-06,1.08607
180,-1.0637,3.59953e-10,-0.537143,-120.49
33.6564,54722.9,1888.28,1888.28,180
15.9128,-2.71959e+06,-4.61878e+06,3.54526e+06,113543
101,180,14.5914,-0,1.20979
180,-1.18992,4.01448e-10,-0.531021,-120.49
33.6483,54980.6,1886.9,1886.9,180
15.78,-2.71995e+06,-4.6194e+06,3.54464e+06,114443
101.5,180,14.3355,-0,1.33082
180,-1.31293,4.41901e-10,-0.525091,-120.49
33.6402,55236,1885.54,1885.54,180
15.6471,-2.72031e+06,-4.62002e+06,3.54403e+06,115343
102,180,14.0825,-0,1.44911
180,-1.43283,4.81359e-10,-0.519346,-120.49
33.6321,55489.1,1884.19,1884.19,180
15.514,-2.72068e+06,-4.62063e+06,3.54341e+06,116243
102.5,180,13.8323,-8.53774e-07,1.56466
180,-1.54972,5.19907e-10,-0.513777,-120.49
33.624,55740,1882.85,1882.85,180
15.3807,-2.72104e+06,-4.62125e+06,3.5428e+06,117143
103,180,13.5849,-0,1.67748
180,-1.66367,5.57493e-10,-0.50838,-120.49
33.6158,55988.5,1881.52,1881.52,180
15.2472,-2.7214e+06,-4.62186e+06,3.54218e+06,118042
103.5,180,13.3401,-0,1.78763
180,-1.77479,5.9418e-10,-0.503147,-120.49
33.6077,56234.7,1880.2,1880.2,180
15.1135,-2.72176e+06,-4.62247e+06,3.54156e+06,118942
104,180,13.0979,-1.20742e-06,1.89515
180,-1.88314,6.30029e-10,-0.498073,-120.49
33.5996,56478.7,1878.9,1878.9,180
14.9797,-2.72211e+06,-4.62308e+06,3.54094e+06,119841
104.5,180,12.8581,-0,2.00009
180,-1.98881,6.64984e-10,-0.493151,-120.49
33.5915,56720.4,1877.6,1877.6,180
14.8456,-2.72247e+06,-4.62368e+06,3.54031e+06,120741
105,180,12.6208,-0,2.10251
180,-2.09188,6.99193e-10,-0.488376,-120.49
33.5834,56959.8,1876.32,1876.32,180
14.7114,-2.72283e+06,-4.62429e+06,3.53969e+06,121640
105.5,180,12.3859,-0,2.20247
180,-2.19241,7.32568e-10,-0.483743,-120.49
33.5753,57196.9,1875.05,1875.05,180
14.577,-2.72318e+06,-4.62489e+06,3.53907e+06,122539
106,180,12.1533,-0,2.30003
180,-2.29048,7.65199e-10,-0.479246,-120.49
33.5672,57431.7,1873.8,1873.8,180
14.4424,-2.72353e+06,-4.62549e+06,3.53844e+06,123439
106.5,180,11.9228,-1.20742e-06,2.39524
180,-2.38615,7.97081e-10,-0.47488,-120.49
33.5591,57664.2,1872.55,1872.55,180
14.3076,-2.72389e+06,-4.62609e+06,3.53781e+06,124338
107,180,11.6945,-0,2.48817
180,-2.4795,8.28263e-10,-0.470642,-120.49
33.551,57894.4,1871.32,1871.32,180
14.1727,-2.72424e+06,-4.62669e+06,3.53718e+06,125237
107.5,180,11.4683,-0,2.57887
180,-2.57059,8.58604e-10,-0.466525,-120.49
33.5429,58122.4,1870.09,1870.09,180
14.0375,-2.72459e+06,-4.62728e+06,3.53655e+06,126135
108,180,11.2441,-0,2.6674
180,-2.65947,8.88397e-10,-0.462526,-120.49
33.5348,58348,1868.88,1868.88,180
13.9023,-2.72494e+06,-4.62788e+06,3.53592e+06,127034
108.5,180,11.0219,-0,2.75382
180,-2.74621,9.17456e-10,-0.458641,-120.49
33.5267,58571.4,1867.69,1867.69,180
13.7668,-2.72529e+06,-4.62847e+06,3.53529e+06,127933
109,180,10.8017,-0,2.83818
180,-2.83087,9.45938e-10,-0.454864,-120.49
33.5186,58792.4,1866.5,1866.5,180
13.6312,-2.72564e+06,-4.62906e+06,3.53466e+06,128831
109.5,180,10.5832,-1.20742e-06,2.92054
180,-2.91349,9.73765e-10,-0.451194,-120.49
33.5105,59011.2,1865.33,1865.33,180
13.4954,-2.72598e+06,-4.62965e+06,3.53402e+06,129730
110,180,10.3666,-1.20742e-06,3.00093
180,-2.99414,1.00097e-09,-0.447625,-120.49
33.5024,59227.7,1864.16,1864.16,180
13.3594,-2.72633e+06,-4.63024e+06,3.53338e+06,130628
110.5,180,10.1517,-0,3.07942
180,-3.07287,1.02765e-09,-0.444154,-120.49
33.4943,59442,1863.01,1863.01,180
13.2233,-2.72667e+06,-4.63082e+06,3.53275e+06,131527
111,180,9.9386,-0,3.15605
180,-3.14972,1.05361e-09,-0.440777,-120.49
33.4862,59653.9,1861.87,1861.87,180
13.087,-2.72702e+06,-4.6314e+06,3.53211e+06,132425
111.5,180,9.72712,-0,3.23087
180,-3.22475,1.07913e-09,-0.437492,-120.49
33.4781,59863.5,1860.75,1860.75,180
12.9505,-2.72736e+06,-4.63199e+06,3.53147e+06,133323
112,180,9.51726,-0,3.30392
180,-3.29799,1.10408e-09,-0.434295,-120.49
33.47,60070.9,1859.63,1859.63,180
12.8139,-2.7277e+06,-4.63257e+06,3.53082e+06,134221
112.5,180,9.30898,-0,3.37525
180,-3.3695,1.12842e-09,-0.431182,-120.49
33.4619,60275.9,1858.53,1858.53,180
12.6771,-2.72804e+06,-4.63314e+06,3.53018e+06,135119
113,180,9.10223,-0,3.44489
180,-3.43932,1.15231e-09,-0.428152,-120.49
33.4538,60478.7,1857.43,1857.43,180
12.5402,-2.72838e+06,-4.63372e+06,3.52954e+06,136017
113.5,180,8.89697,-8.53774e-07,3.5129
180,-3.50749,1.17574e-09,-0.425201,-120.49
33.4457,60679.2,1856.35,1856.35,180
12.4031,-2.72872e+06,-4.6343e+06,3.52889e+06,136915
114,180,8.69318,-0,3.5793
180,-3.57405,1.19862e-09,-0.422326,-120.49
33.4376,60877.4,1855.29,1855.29,180
12.2659,-2.72906e+06,-4.63487e+06,3.52824e+06,137813
114.5,180,8.4908,-0,3.64414
180,-3.63904,1.22099e-09,-0.419524,-120.49
33.4295,61073.4,1854.23,1854.23,180
12.1285,-2.72939e+06,-4.63544e+06,3.52759e+06,138711
115,180,8.2898,-0,3.70746
180,-3.7025,1.24301e-09,-0.416794,-120.49
33.4214,61267,1853.18,1853.18,180
11.9909,-2.72973e+06,-4.63601e+06,3.52694e+06,139609
115.5,180,8.09015,-0,3.76928
180,-3.76446,1.2644e-09,-0.414132,-120.49
33.4133,61458.4,1852.15,1852.15,180
11.8532,-2.73006e+06,-4.63658e+06,3.52629e+06,140506
116,180,7.89182,-0,3.82965
180,-3.82496,1.28549e-09,-0.411536,-120.49
33.4052,61647.4,1851.13,1851.13,180
11.7154,-2.7304e+06,-4.63714e+06,3.52564e+06,141404
116.5,180,7.69476,-0,3.8886
180,-3.88403,1.3061e-09,-0.409005,-120.49
33.3971,61834.2,1850.12,1850.12,180
11.5774,-2.73073e+06,-4.63771e+06,3.52499e+06,142301
117,180,7.49896,-0,3.94616
180,-3.9417,1.3263e-09,-0.406535,-120.49
33.389,62018.7,1849.12,1849.12,180
11.4393,-2.73106e+06,-4.63827e+06,3.52433e+06,143199
117.5,180,7.30438,-0,4.00236
180,-3.99802,1.34603e-09,-0.404124,-120.49
33.3809,62200.9,1848.14,1848.14,180
11.301,-2.73139e+06,-4.63883e+06,3.52368e+06,144096
118,180,7.11098,-8.53774e-07,4.05724
180,-4.053,1.36534e-09,-0.401772,-120.49
33.3728,62380.9,1847.16,1847.16,180
11.1626,-2.73172e+06,-4.63939e+06,3.52302e+06,144993
118.5,180,6.91875,-0,4.11082
180,-4.10668,1.38437e-09,-0.399475,-120.49
33.3647,62558.5,1846.2,1846.2,180
11.0241,-2.73205e+06,-4.63995e+06,3.52236e+06,145890
119,180,6.72766,-0,4.16312
180,-4.15909,1.40291e-09,-0.397231,-120.49
33.3567,62733.9,1845.25,1845.25,180
10.8854,-2.73237e+06,-4.6405e+06,3.5217e+06,146787
119.5,180,6.53767,-0,4.21418
180,-4.21025,1.42106e-09,-0.39504,-120.49
33.3486,62907,1844.31,1844.31,180
10.7465,-2.7327e+06,-4.64106e+06,3.52104e+06,147685
120,180,6.34876,-8.53774e-07,4.26403
180,-4.26019,1.43886e-09,-0.392898,-120.49
33.3405,63077.8,1843.39,1843.39,180
10.6076,-2.73303e+06,-4.64161e+06,3.52037e+06,148582
120.5,180,6.16092,-8.53774e-07,4.31269
180,-4.30894,1.45629e-09,-0.390805,-120.49
33.3324,63246.3,1842.47,1842.47,180
10.4685,-2.73335e+06,-4.64216e+06,3.51971e+06,149478
121,180,5.9741,-0,4.36018
180,-4.35652,1.47343e-09,-0.388759,-120.49
33.3243,63412.5,1841.57,1841.57,180
10.3292,-2.73367e+06,-4.64271e+06,3.51904e+06,150375
121.5,180,5.7883,-1.20742e-06,4.40654
180,-4.40296,1.49018e-09,-0.386758,-120.49
33.3162,63576.5,1840.68,1840.68,180
10.1899,-2.73399e+06,-4.64325e+06,3.51838e+06,151272
122,180,5.60349,-0,4.45177
180,-4.44828,1.50651e-09,-0.384801,-120.49
33.3081,63738.2,1839.8,1839.8,180
10.0504,-2.73432e+06,-4.6438e+06,3.51771e+06,152169
122.5,180,5.41965,-8.53774e-07,4.49592
180,-4.4925,1.52262e-09,-0.382886,-120.49
33.3,63897.5,1838.93,1838.93,180
9.91075,-2.73463e+06,-4.64434e+06,3.51704e+06,153065
123,180,5.23675,-8.53774e-07,4.53899
180,-4.53565,1.53832e-09,-0.381011,-120.49
33.292,64054.7,1838.07,1838.07,180
9.771,-2.73495e+06,-4.64488e+06,3.51637e+06,153962
123.5,180,5.05478,-0,4.58101
180,-4.57775,1.55376e-09,-0.379177,-120.49
33.2839,64209.5,1837.23,1837.23,180
9.63113,-2.73527e+06,-4.64542e+06,3.5157e+06,154859
124,180,4.87372,-8.53774e-07,4.62201
180,-4.61882,1.5689e-09,-0.37738,-120.49
33.2758,64362,1836.4,1836.4,180
9.49113,-2.73559e+06,-4.64596e+06,3.51502e+06,155755
124.5,180,4.69354,-0,4.66199
180,-4.65888,1.58365e-09,-0.37562,-120.49
33.2677,64512.3,1835.58,1835.58,180
9.35102,-2.7359e+06,-4.6465e+06,3.51435e+06,156652
125,180,4.51424,-8.53774e-07,4.70099
180,-4.69794,1.59806e-09,-0.373895,-120.49
33.2596,64660.3,1834.77,1834.77,180
9.21078,-2.73622e+06,-4.64703e+06,3.51367e+06,157548
125.5,180,4.33579,-8.53774e-07,4.73902
180,-4.73604,1.61227e-09,-0.372205,-120.49
33.2515,64805.9,1833.97,1833.97,180
9.07043,-2.73653e+06,-4.64757e+06,3.513e+06,158444
126,180,4.15817,-0,4.7761
180,-4.77318,1.62624e-09,-0.370549,-120.49
33.2435,64949.4,1833.19,1833.19,180
8.92995,-2.73685e+06,-4.6481e+06,3.51232e+06,159341
126.5,180,3.98138,-8.53774e-07,4.81224
180,-4.80939,1.6398e-09,-0.368924,-120.49
33.2354,65090.5,1832.41,1832.41,180
8.78937,-2.73716e+06,-4.64863e+06,3.51164e+06,160237
127,180,3.80539,-0,4.84747
180,-4.84468,1.65312e-09,-0.36733,-120.49
33.2273,65229.3,1831.65,1831.65,180
8.64867,-2.73747e+06,-4.64915e+06,3.51096e+06,161133
127.5,180,3.63019,-0,4.8818
180,-4.87908,1.66616e-09,-0.365767,-120.49
33.2192,65365.9,1830.9,1830.9,180
8.50786,-2.73778e+06,-4.64968e+06,3.51027e+06,162029
128,180,3.45576,-8.53774e-07,4.91525
180,-4.91258,1.67891e-09,-0.364232,-120.49
33.2111,65500.2,1830.17,1830.17,180
8.36694,-2.73809e+06,-4.6502e+06,3.50959e+06,162925
128.5,180,3.2821,-0,4.94782
180,-4.94522,1.69134e-09,-0.362726,-120.49
33.2031,65632.2,1829.44,1829.44,180
8.22591,-2.73839e+06,-4.65073e+06,3.5089e+06,163821
129,180,3.10918,-8.53774e-07,4.97955
180,-4.97701,1.70361e-09,-0.361246,-120.49
33.195,65761.9,1828.73,1828.73,180
8.08477,-2.7387e+06,-4.65125e+06,3.50822e+06,164717
129.5,180,2.93699,-0,5.01044
180,-5.00796,1.71568e-09,-0.359793,-120.49
33.1869,65889.4,1828.03,1828.03,180
7.94353,-2.73901e+06,-4.65177e+06,3.50753e+06,165613
130,180,2.76552,-0,5.04051
180,-5.03808,1.7275e-09,-0.358365,-120.49
33.1788,66014.6,1827.34,1827.34,180
7.80219,-2.73931e+06,-4.65228e+06,3.50684e+06,166509
130.5,180,2.59476,-8.53774e-07,5.06977
180,-5.0674,1.73891e-09,-0.356962,-120.49
33.1708,66137.4,1826.66,1826.66,180
7.66074,-2.73961e+06,-4.6528e+06,3.50615e+06,167404
131,180,2.4247,-8.53774e-07,5.09824
180,-5.09592,1.75009e-09,-0.355582,-120.49
33.1627,66258.1,1826,1826,180
7.5192,-2.73992e+06,-4.65331e+06,3.50546e+06,168300
131.5,180,2.25532,-0,5.12593
180,-5.12366,1.76109e-09,-0.354225,-120.49
33.1546,66376.4,1825.34,1825.34,180
7.37756,-2.74022e+06,-4.65382e+06,3.50477e+06,169196
132,180,2.08661,-8.53774e-07,5.15284
180,-5.15063,1.77188e-09,-0.35289,-120.49
33.1465,66492.4,1824.7,1824.7,180
7.23582,-2.74052e+06,-4.65433e+06,3.50407e+06,170092
132.5,180,1.91856,-8.53774e-07,5.179
180,-5.17684,1.78233e-09,-0.351577,-120.49
33.1384,66606.2,1824.07,1824.07,180
7.09398,-2.74082e+06,-4.65484e+06,3.50338e+06,170987
133,180,1.75116,-0,5.20442
180,-5.20231,1.79256e-09,-0.350284,-120.49
33.1304,66717.7,1823.45,1823.45,180
6.95206,-2.74112e+06,-4.65535e+06,3.50268e+06,171883
133.5,180,1.58441,-0,5.22911
180,-5.22705,1.80261e-09,-0.349011,-120.49
33.1223,66826.9,1822.85,1822.85,180
6.81004,-2.74141e+06,-4.65586e+06,3.50198e+06,172778
134,180,1.41829,-0,5.25307
180,-5.25106,1.8125e-09,-0.347757,-120.49
33.1142,66933.8,1822.25,1822.25,180
6.66793,-2.74171e+06,-4.65636e+06,3.50128e+06,173674
134.5,180,1.25279,-8.53774e-07,5.27633
180,-5.27437,1.82214e-09,-0.346521,-120.49
33.1061,67038.5,1821.67,1821.67,180
6.52573,-2.74201e+06,-4.65686e+06,3.50058e+06,174569
135,180,1.0879,-0,5.29889
180,-5.29697,1.8314e-09,-0.345304,-120.49
33.0981,67140.8,1821.1,1821.1,180
6.38345,-2.7423e+06,-4.65736e+06,3.49988e+06,175464
135.5,180,0.923615,-0,5.32076
180,-5.31889,1.84046e-09,-0.344104,-120.49
33.09,67240.9,1820.54,1820.54,180
6.24108,-2.74259e+06,-4.65786e+06,3.49917e+06,176360
136,180,0.759927,-1.20742e-06,5.34195
180,-5.34013,1.84937e-09,-0.34292,-120.49
33.0819,67338.7,1820,1820,180
6.09863,-2.74289e+06,-4.65835e+06,3.49847e+06,177255
136.5,180,0.596826,-0,5.36247
180,-5.3607,1.85812e-09,-0.341753,-120.49
33.0739,67434.3,1819.46,1819.46,180
5.9561,-2.74318e+06,-4.65885e+06,3.49776e+06,178150
137,180,0.434305,-0,5.38234
180,-5.38062,1.8667e-09,-0.340601,-120.49
33.0658,67527.5,1818.94,1818.94,180
5.81349,-2.74347e+06,-4.65934e+06,3.49706e+06,179046
137.5,180,0.272355,-0,5.40156
180,-5.39988,1.875e-09,-0.339464,-120.49
33.0577,67618.5,1818.43,1818.43,180
5.67081,-2.74376e+06,-4.65983e+06,3.49635e+06,179941
138,180,0.11097,-0,5.42014
180,-5.4185,1.88304e-09,-0.338342,-120.49
33.0496,67707.2,1817.94,1817.94,180
5.52804,-2.74404e+06,-4.66032e+06,3.49564e+06,180836
138.5,180,-0.049857,-8.53774e-07,5.43808
180,-5.43649,1.89093e-09,-0.337233,-120.49
33.0416,67793.6,1817.45,1817.45,180
5.38521,-2.74433e+06,-4.66081e+06,3.49493e+06,181731
139,180,-0.210134,-0,5.4554
180,-5.45386,1.89864e-09,-0.336138,-120.49
33.0335,67877.8,1816.98,1816.98,180
5.2423,-2.74462e+06,-4.6613e+06,3.49421e+06,182626
139.5,180,-0.369866,-0,5.47211
180,-5.47061,1.9061e-09,-0.335056,-120.49
33.0254,67959.6,1816.51,1816.51,180
5.09932,-2.7449e+06,-4.66178e+06,3.4935e+06,183521
140,180,-0.529061,-0,5.48822
180,-5.48676,1.91344e-09,-0.333986,-120.49
33.0174,68039.2,1816.06,1816.06,180
4.95627,-2.74519e+06,-4.66226e+06,3.49279e+06,184416
140.5,180,-0.687724,-0,5.50372
180,-5.50231,1.92047e-09,-0.332927,-120.49
33.0093,68116.5,1815.63,1815.63,180
4.81315,-2.74547e+06,-4.66274e+06,3.49207e+06,185311
141,180,-0.845861,-1.20742e-06,5.51864
180,-5.51726,1.92727e-09,-0.331881,-120.49
33.0012,68191.5,1815.2,1815.2,180
4.66997,-2.74575e+06,-4.66322e+06,3.49135e+06,186206
141.5,180,-1.00348,-0,5.53297
180,-5.53164,1.93394e-09,-0.330845,-120.49
32.9931,68264.3,1814.79,1814.79,180
4.52673,-2.74603e+06,-4.6637e+06,3.49063e+06,187101
142,180,-1.16058,-0,5.54672
180,-5.54543,1.94045e-09,-0.32982,-120.49
32.9851,68334.8,1814.39,1814.39,180
4.38342,-2.74631e+06,-4.66417e+06,3.48991e+06,187995
142.5,180,-1.31717,-8.53774e-07,5.5599
180,-5.55866,1.94685e-09,-0.328805,-120.49
32.977,68403,1814,1814,180
4.24005,-2.74659e+06,-4.66465e+06,3.48919e+06,188890
143,180,-1.47326,-0,5.57253
180,-5.57132,1.95308e-09,-0.3278,-120.49
32.9689,68468.9,1813.62,1813.62,180
4.09663,-2.74687e+06,-4.66512e+06,3.48847e+06,189785
143.5,180,-1.62885,-0,5.58459
180,-5.58343,1.95915e-09,-0.326804,-120.49
32.9609,68532.5,1813.25,1813.25,180
3.95315,-2.74715e+06,-4.66559e+06,3.48774e+06,190680
144,180,-1.78394,-0,5.59611
180,-5.59499,1.96488e-09,-0.325817,-120.49
32.9528,68593.9,1812.9,1812.9,180
3.80961,-2.74742e+06,-4.66606e+06,3.48702e+06,191575
144.5,180,-1.93854,-8.53774e-07,5.60708
180,-5.606,1.97042e-09,-0.324839,-120.49
32.9447,68652.9,1812.56,1812.56,180
3.66603,-2.7477e+06,-4.66652e+06,3.48629e+06,192469
145,180,-2.09265,-0,5.61752
180,-5.61648,1.97575e-09,-0.323868,-120.49
32.9367,68709.7,1812.23,1812.23,180
3.52239,-2.74797e+06,-4.66699e+06,3.48556e+06,193364
145.5,180,-2.24628,-8.53774e-07,5.62742
180,-5.62642,1.98094e-09,-0.322906,-120.49
32.9286,68764.3,1811.91,1811.91,180
3.3787,-2.74824e+06,-4.66745e+06,3.48483e+06,194258
146,180,-2.39944,-8.53774e-07,5.6368
180,-5.63584,1.98598e-09,-0.321951,-120.49
32.9205,68816.5,1811.61,1811.61,180
3.23497,-2.74851e+06,-4.66791e+06,3.4841e+06,195153
146.5,180,-2.55211,-8.53774e-07,5.64565
180,-5.64474,1.99088e-09,-0.321002,-120.49
32.9125,68866.5,1811.32,1811.32,180
3.09119,-2.74878e+06,-4.66837e+06,3.48337e+06,196048
147,180,-2.70432,-8.53774e-07,5.65399
180,-5.65312,1.99561e-09,-0.320061,-120.49
32.9044,68914.2,1811.04,1811.04,180
2.94736,-2.74905e+06,-4.66883e+06,3.48264e+06,196942
147.5,180,-2.85605,-0,5.66182
180,-5.66099,2.00005e-09,-0.319126,-120.49
32.8963,68959.6,1810.77,1810.77,180
2.8035,-2.74932e+06,-4.66929e+06,3.4819e+06,197837
148,180,-3.00732,-8.53774e-07,5.66915
180,-5.66835,2.00429e-09,-0.318196,-120.49
32.8883,69002.7,1810.51,1810.51,180
2.65959,-2.74959e+06,-4.66974e+06,3.48117e+06,198731
148.5,180,-3.15813,-0,5.67597
180,-5.67521,2.00841e-09,-0.317273,-120.49
32.8802,69043.6,1810.27,1810.27,180
2.51565,-2.74986e+06,-4.67019e+06,3.48043e+06,199626
149,180,-3.30847,-0,5.6823
180,-5.68158,2.01238e-09,-0.316354,-120.49
32.8721,69082.2,1810.03,1810.03,180
2.37167,-2.75012e+06,-4.67064e+06,3.47969e+06,200520
149.5,180,-3.45836,-0,5.68813
180,-5.68745,2.01618e-09,-0.315441,-120.49
32.8641,69118.5,1809.81,1809.81,180
2.22765,-2.75039e+06,-4.67109e+06,3.47895e+06,201414
150,180,-3.60779,-0,5.69348
180,-5.69284,2.01987e-09,-0.314532,-120.49
32.856,69152.5,1809.61,1809.61,180
2.08361,-2.75065e+06,-4.67154e+06,3.47821e+06,202309
150.5,180,-3.75677,-0,5.69834
180,-5.69774,2.02341e-09,-0.313628,-120.49
32.8479,69184.3,1809.41,1809.41,180
1.93953,-2.75091e+06,-4.67199e+06,3.47747e+06,203203
151,180,-3.9053,-0,5.70273
180,-5.70216,2.02681e-09,-0.312728,-120.49
32.8399,69213.7,1809.23,1809.23,180
1.79542,-2.75117e+06,-4.67243e+06,3.47672e+06,204097
151.5,180,-4.05338,-0,5.70663
180,-5.70611,2.02984e-09,-0.311831,-120.49
32.8318,69240.9,1809.05,1809.05,180
1.65129,-2.75143e+06,-4.67287e+06,3.47598e+06,204992
152,180,-4.20101,-8.53774e-07,5.71007
180,-5.70958,2.03266e-09,-0.310938,-120.49
32.8237,69265.9,1808.89,1808.89,180
1.50713,-2.75169e+06,-4.67331e+06,3.47523e+06,205886
152.5,180,-4.3482,-8.53774e-07,5.71303
180,-5.71258,2.03532e-09,-0.310047,-120.49
32.8157,69288.5,1808.75,1808.75,180
1.36295,-2.75195e+06,-4.67375e+06,3.47449e+06,206780
153,180,-4.49494,-0,5.71553
180,-5.71512,2.03783e-09,-0.30916,-120.49
32.8076,69308.9,1808.61,1808.61,180
1.21874,-2.75221e+06,-4.67419e+06,3.47374e+06,207675
153.5,180,-4.64124,-0,5.71757
180,-5.7172,2.04022e-09,-0.308275,-120.49
32.7996,69327,1808.49,1808.49,180
1.07452,-2.75247e+06,-4.67462e+06,3.47299e+06,208569
154,180,-4.7871,-8.53774e-07,5.71915
180,-5.71881,2.04245e-09,-0.307392,-120.49
32.7915,69342.8,1808.38,1808.38,180
0.930277,-2.75272e+06,-4.67506e+06,3.47223e+06,209463
154.5,180,-4.93251,-8.53774e-07,5.72027
180,-5.71997,2.04455e-09,-0.306512,-120.49
32.7834,69356.3,1808.28,1808.28,180
0.786019,-2.75297e+06,-4.67549e+06,3.47148e+06,210357
155,180,-5.07749,-8.53774e-07,5.72094
180,-5.72068,2.0465e-09,-0.305632,-120.49
32.7754,69367.6,1808.19,1808.19,180
0.641747,-2.75323e+06,-4.67592e+06,3.47073e+06,211251
155.5,180,-5.22203,-8.53774e-07,5.72115
180,-5.72093,2.04831e-09,-0.304755,-120.49
32.7673,69376.6,1808.12,1808.12,180
0.497464,-2.75348e+06,-4.67635e+06,3.46997e+06,212146
156,180,-5.36613,-8.53774e-07,5.72092
180,-5.72074,2.04988e-09,-0.303878,-120.49
32.7592,69383.3,1808.05,1808.05,180
0.353169,-2.75373e+06,-4.67677e+06,3.46922e+06,213040
156.5,180,-5.50979,-0,5.72024
180,-5.7201,2.05122e-09,-0.303002,-120.49
32.7512,69387.7,1808,1808,180
0.208866,-2.75398e+06,-4.6772e+06,3.46846e+06,213934
157,180,-5.65301,-0,5.71911
180,-5.71901,2.05242e-09,-0.302126,-120.49
32.7431,69389.8,1807.96,1807.96,180
0.0645567,-2.75423e+06,-4.67762e+06,3.4677e+06,214828
157.5,180,-5.7958,-0,5.71755
180,-5.71748,2.05347e-09,-0.30125,-120.49
32.7351,69389.7,1807.94,1807.94,180
-0.0797577,-2.75448e+06,-4.67804e+06,3.46694e+06,215722
158,180,-5.93814,-8.53774e-07,5.71554
180,-5.71551,2.05438e-09,-0.300375,-120.49
32.727,69387.3,1807.92,1807.92,180
-0.224075,-2.75473e+06,-4.67846e+06,3.46618e+06,216616
158.5,180,-6.08005,-0,5.71309
180,-5.7131,2.05514e-09,-0.299499,-120.49
32.7189,69382.6,1807.92,1807.92,180
-0.368394,-2.75497e+06,-4.67888e+06,3.46541e+06,217510
159,180,-6.22153,-0,5.71021
180,-5.71026,2.05572e-09,-0.298622,-120.49
32.7109,69375.7,1807.93,1807.93,180
-0.512712,-2.75522e+06,-4.6793e+06,3.46465e+06,218404
159.5,180,-6.36256,-0,5.70689
180,-5.70698,2.05607e-09,-0.297744,-120.49
32.7028,69366.4,1807.95,1807.95,180
-0.657027,-2.75546e+06,-4.67971e+06,3.46388e+06,219298
160,180,-6.50315,-0,5.70313
180,-5.70326,2.05627e-09,-0.296865,-120.49
32.6947,69354.9,1807.99,1807.99,180
-0.801338,-2.7557e+06,-4.68012e+06,3.46312e+06,220192
160.5,180,-6.64331,-8.53774e-07,5.69894
180,-5.69911,2.05633e-09,-0.295984,-120.49
32.6867,69341.1,1808.03,1808.03,180
-0.945642,-2.75594e+06,-4.68053e+06,3.46235e+06,221086
161,180,-6.78302,-0,5.69432
180,-5.69453,2.05611e-09,-0.295102,-120.49
32.6786,69325.1,1808.09,1808.09,180
-1.08994,-2.75619e+06,-4.68094e+06,3.46158e+06,221980
161.5,180,-6.92229,-0,5.68927
180,-5.68951,2.05567e-09,-0.294217,-120.49
32.6706,69306.7,1808.16,1808.16,180
-1.23422,-2.75643e+06,-4.68135e+06,3.46081e+06,222874
162,180,-7.06112,-1.20742e-06,5.68379
180,-5.68407,2.05509e-09,-0.29333,-120.49
32.6625,69286.1,1808.24,1808.24,180
-1.3785,-2.75666e+06,-4.68175e+06,3.46004e+06,223768
162.5,180,-7.19951,-0,5.67787
180,-5.67819,2.05434e-09,-0.29244,-120.49
32.6544,69263.2,1808.34,1808.34,180
-1.52276,-2.7569e+06,-4.68216e+06,3.45926e+06,224662
163,180,-7.33745,-0,5.67153
180,-5.67189,2.05344e-09,-0.291547,-120.49
32.6464,69238.1,1808.44,1808.44,180
-1.667,-2.75714e+06,-4.68256e+06,3.45849e+06,225556
163.5,180,-7.47494,-0,5.66475
180,-5.66515,2.05241e-09,-0.290651,-120.49
32.6383,69210.6,1808.56,1808.56,180
-1.81123,-2.75737e+06,-4.68296e+06,3.45771e+06,226450
164,180,-7.61198,-0,5.65755
180,-5.65798,2.05124e-09,-0.289751,-120.49
32.6302,69180.9,1808.69,1808.69,180
-1.95544,-2.75761e+06,-4.68336e+06,3.45694e+06,227344
164.5,180,-7.74858,-0,5.64991
180,-5.65039,2.04992e-09,-0.288847,-120.49
32.6222,69148.9,1808.84,1808.84,180
-2.09963,-2.75784e+06,-4.68376e+06,3.45616e+06,228238
165,180,-7.88472,-8.53774e-07,5.64185
180,-5.64236,2.04846e-09,-0.287939,-120.49
32.6141,69114.6,1808.99,1808.99,180
-2.24379,-2.75807e+06,-4.68415e+06,3.45538e+06,229132
165.5,180,-8.0204,-0,5.63335
180,-5.63391,2.04682e-09,-0.287026,-120.49
32.6061,69078,1809.16,1809.16,180
-2.38793,-2.75831e+06,-4.68454e+06,3.4546e+06,230026
166,180,-8.15563,-0,5.62443
180,-5.62502,2.04501e-09,-0.286108,-120.49
32.598,69039.2,1809.34,1809.34,180
-2.53204,-2.75854e+06,-4.68494e+06,3.45381e+06,230920
166.5,180,-8.29039,-8.53774e-07,5.61507
180,-5.6157,2.04287e-09,-0.285185,-120.49
32.5899,68998.1,1809.53,1809.53,180
-2.67613,-2.75877e+06,-4.68532e+06,3.45303e+06,231814
167,180,-8.4247,-0,5.60528
180,-5.60595,2.04056e-09,-0.284256,-120.49
32.5819,68954.7,1809.73,1809.73,180
-2.82018,-2.75899e+06,-4.68571e+06,3.45225e+06,232708
167.5,180,-8.55853,-0,5.59505
180,-5.59577,2.0381e-09,-0.283321,-120.49
32.5738,68909.1,1809.95,1809.95,180
-2.9642,-2.75922e+06,-4.6861e+06,3.45146e+06,233602
168,180,-8.6919,-0,5.58439
180,-5.58515,2.03544e-09,-0.28238,-120.49
32.5657,68861.1,1810.17,1810.17,180
-3.10819,-2.75945e+06,-4.68648e+06,3.45067e+06,234496
168.5,180,-8.8248,-0,5.5733
180,-5.57409,2.03256e-09,-0.281433,-120.49
32.5577,68810.9,1810.41,1810.41,180
-3.25214,-2.75967e+06,-4.68687e+06,3.44988e+06,235390
169,180,-8.95722,-0,5.56176
180,-5.5626,2.02949e-09,-0.280478,-120.49
32.5496,68758.4,1810.66,1810.66,180
-3.39606,-2.7599e+06,-4.68725e+06,3.44909e+06,236284
169.5,180,-9.08916,-0,5.54979
180,-5.55067,2.02627e-09,-0.279516,-120.49
32.5416,68703.6,1810.93,1810.93,180
-3.53993,-2.76012e+06,-4.68763e+06,3.4483e+06,237178
170,180,-9.22062,-0,5.53737
180,-5.53829,2.02286e-09,-0.278547,-120.49
32.5335,68646.6,1811.2,1811.2,180
-3.68377,-2.76034e+06,-4.688e+06,3.44751e+06,238072
170.5,180,-9.35159,-8.53774e-07,5.52451
180,-5.52547,2.01928e-09,-0.277569,-120.49
32.5254,68587.2,1811.49,1811.49,180
-3.82756,-2.76056e+06,-4.68838e+06,3.44672e+06,238966
171,180,-9.48207,-0,5.51121
180,-5.51221,2.01552e-09,-0.276583,-120.49
32.5174,68525.6,1811.79,1811.79,180
-3.9713,-2.76078e+06,-4.68875e+06,3.44592e+06,239860
171.5,180,-9.61206,-8.53774e-07,5.49745
180,-5.4985,2.01159e-09,-0.275588,-120.49
32.5093,68461.8,1812.1,1812.1,180
-4.115,-2.761e+06,-4.68913e+06,3.44512e+06,240754
172,180,-9.74155,-0,5.48325
180,-5.48433,2.00737e-09,-0.274584,-120.49
32.5013,68395.6,1812.42,1812.42,180
-4.25865,-2.76122e+06,-4.6895e+06,3.44433e+06,241648
172.5,180,-9.87053,-0,5.46859
180,-5.46971,2.0029e-09,-0.27357,-120.49
32.4932,68327.2,1812.76,1812.76,180
-4.40225,-2.76144e+06,-4.68986e+06,3.44353e+06,242542
173,180,-9.999,-8.53774e-07,5.45347
180,-5.45464,1.99825e-09,-0.272546,-120.49
32.4851,68256.4,1813.1,1813.1,180
-4.5458,-2.76165e+06,-4.69023e+06,3.44273e+06,243436
173.5,180,-10.127,-0,5.43789
180,-5.4391,1.99343e-09,-0.271511,-120.49
32.4771,68183.4,1813.46,1813.46,180
-4.68929,-2.76187e+06,-4.6906e+06,3.44193e+06,244330
174,180,-10.2544,-0,5.42185
180,-5.4231,1.9884e-09,-0.270466,-120.49
32.469,68108.2,1813.83,1813.83,180
-4.83273,-2.76208e+06,-4.69096e+06,3.44112e+06,245224
174.5,180,-10.3813,-0,5.40533
180,-5.40663,1.98322e-09,-0.269409,-120.49
32.4609,68030.6,1814.22,1814.22,180
-4.97611,-2.7623e+06,-4.69132e+06,3.44032e+06,246118
175,180,-10.5077,-0,5.38835
180,-5.38969,1.97786e-09,-0.26834,-120.49
32.4529,67950.8,1814.61,1814.61,180
-5.11943,-2.76251e+06,-4.69168e+06,3.43951e+06,247012
175.5,180,-10.6335,-8.53774e-07,5.37089
180,-5.37227,1.9723e-09,-0.267259,-120.49
32.4448,67868.7,1815.02,1815.02,180
-5.26269,-2.76272e+06,-4.69204e+06,3.43871e+06,247906
176,180,-10.7588,-0,5.35294
180,-5.35437,1.96655e-09,-0.266165,-120.49
32.4368,67784.3,1815.44,1815.44,180
-5.40589,-2.76293e+06,-4.6924e+06,3.4379e+06,248800
176.5,180,-10.8836,-0,5.33451
180,-5.33599,1.96059e-09,-0.265057,-120.49
32.4287,67697.6,1815.87,1815.87,180
-5.54902,-2.76314e+06,-4.69275e+06,3.43709e+06,249694
177,180,-11.0078,-0,5.31559
180,-5.31711,1.95442e-09,-0.263936,-120.49
32.4206,67608.7,1816.31,1816.31,180
-5.69209,-2.76335e+06,-4.6931e+06,3.43628e+06,250588
177.5,180,-11.1314,-0,5.29618
180,-5.29774,1.94798e-09,-0.262801,-120.49
32.4126,67517.5,1816.76,1816.76,180
-5.83509,-2.76355e+06,-4.69345e+06,3.43547e+06,251482
178,180,-11.2545,-0,5.27626
180,-5.27787,1.94118e-09,-0.261651,-120.49
32.4045,67424,1817.23,1817.23,180
-5.97802,-2.76376e+06,-4.6938e+06,3.43465e+06,252376
178.5,180,-11.3769,-0,5.25583
180,-5.25749,1.93417e-09,-0.260485,-120.49
32.3964,67328.2,1817.71,1817.71,180
-6.12087,-2.76396e+06,-4.69415e+06,3.43384e+06,253270
179,180,-11.4988,-0,5.23489
180,-5.23659,1.92692e-09,-0.259303,-120.49
32.3884,67230.2,1818.2,1818.2,180
-6.26366,-2.76417e+06,-4.6945e+06,3.43302e+06,254164
179.5,180,-11.6201,-0,5.21343
180,-5.21518,1.91948e-09,-0.258104,-120.49
32.3803,67129.8,1818.7,1818.7,180
-6.40637,-2.76437e+06,-4.69484e+06,3.43221e+06,255058
180,180,-11.7408,-0,5.19144
180,-5.19324,1.91182e-09,-0.256889,-120.49
32.3723,67027.2,1819.21,1819.21,180
-6.549,-2.76457e+06,-4.69518e+06,3.43139e+06,255952
180.5,180,-11.8609,-8.53774e-07,5.16892
180,-5.17077,1.90394e-09,-0.255655,-120.49
32.3642,66922.3,1819.74,1819.74,180
-6.69155,-2.76477e+06,-4.69552e+06,3.43057e+06,256846
181,180,-11.9803,-8.53774e-07,5.14585
180,-5.14775,1.89583e-09,-0.254403,-120.49
32.3561,66815.2,1820.27,1820.27,180
-6.83402,-2.76497e+06,-4.69586e+06,3.42975e+06,257740
181.5,180,-12.0992,-0,5.12224
180,-5.12419,1.88749e-09,-0.253132,-120.49
32.3481,66705.7,1820.82,1820.82,180
-6.97641,-2.76517e+06,-4.6962e+06,3.42893e+06,258634
182,180,-12.2174,-8.53774e-07,5.09807
180,-5.10006,1.87891e-09,-0.251841,-120.49
32.34,66594,1821.38,1821.38,180
-7.11872,-2.76537e+06,-4.69654e+06,3.4281e+06,259529
182.5,180,-12.3349,-0,5.07333
180,-5.07538,1.87009e-09,-0.25053,-120.49
32.3319,66480,1821.96,1821.96,180
-7.26094,-2.76556e+06,-4.69687e+06,3.42728e+06,260423
183,180,-12.4518,-0,5.04802
180,-5.05012,1.86098e-09,-0.249197,-120.49
32.3239,66363.7,1822.54,1822.54,180
-7.40308,-2.76576e+06,-4.6972e+06,3.42645e+06,261317
183.5,180,-12.568,-8.53774e-07,5.02212
180,-5.02427,1.85154e-09,-0.247843,-120.49
32.3158,66245.2,1823.14,1823.14,180
-7.54512,-2.76595e+06,-4.69753e+06,3.42563e+06,262211
184,180,-12.6835,-8.53774e-07,4.99563
180,-4.99784,1.84185e-09,-0.246465,-120.49
32.3077,66124.3,1823.74,1823.74,180
-7.68708,-2.76615e+06,-4.69786e+06,3.4248e+06,263105
184.5,180,-12.7983,-0,4.96854
180,-4.9708,1.83194e-09,-0.245065,-120.49
32.2997,66001.2,1824.36,1824.36,180
-7.82894,-2.76634e+06,-4.69819e+06,3.42397e+06,264000
185,180,-12.9124,-0,4.94084
180,-4.94315,1.82173e-09,-0.243639,-120.49
32.2916,65875.8,1824.99,1824.99,180
-7.97071,-2.76653e+06,-4.69851e+06,3.42314e+06,264894
185.5,180,-13.0258,-0,4.91251
180,-4.91487,1.81128e-09,-0.242189,-120.49
32.2835,65748.1,1825.64,1825.64,180
-8.11238,-2.76672e+06,-4.69883e+06,3.42231e+06,265788
186,180,-13.1385,-0,4.88354
180,-4.88596,1.80056e-09,-0.240712,-120.49
32.2755,65618.2,1826.29,1826.29,180
-8.25396,-2.76691e+06,-4.69915e+06,3.42147e+06,266683
186.5,180,-13.2504,-0,4.85393
180,-4.85641,1.78957e-09,-0.239209,-120.49
32.2674,65485.9,1826.96,1826.96,180
-8.39544,-2.7671e+06,-4.69947e+06,3.42064e+06,267577
187,180,-13.3616,-0,4.82366
180,-4.82619,1.77824e-09,-0.237677,-120.49
32.2593,65351.4,1827.63,1827.63,180
-8.53682,-2.76728e+06,-4.69979e+06,3.4198e+06,268471
187.5,180,-13.472,-0,4.79271
180,-4.79531,1.76663e-09,-0.236117,-120.49
32.2513,65214.6,1828.32,1828.32,180
-8.67809,-2.76747e+06,-4.70011e+06,3.41896e+06,269366
188,180,-13.5816,-0,4.76109
180,-4.76374,1.75474e-09,-0.234527,-120.49
32.2432,65075.6,1829.02,1829.02,180
-8.81926,-2.76765e+06,-4.70042e+06,3.41813e+06,270260
188.5,180,-13.6904,-0,4.72876
180,-4.73147,1.74241e-09,-0.232906,-120.49
32.2351,64934.2,1829.73,1829.73,180
-8.96033,-2.76784e+06,-4.70073e+06,3.41729e+06,271154
189,180,-13.7984,-8.53774e-07,4.69572
180,-4.6985,1.72978e-09,-0.231252,-120.49
32.2271,64790.6,1830.46,1830.46,180
-9.10129,-2.76802e+06,-4.70104e+06,3.41645e+06,272049
189.5,180,-13.9055,-8.53774e-07,4.66195
180,-4.66479,1.71684e-09,-0.229566,-120.49
32.219,64644.6,1831.19,1831.19,180
-9.24214,-2.7682e+06,-4.70135e+06,3.4156e+06,272943
190,180,-14.0118,-8.53774e-07,4.62744
180,-4.63035,1.7036e-09,-0.227846,-120.49
32.2109,64496.4,1831.94,1831.94,180
-9.38288,-2.76838e+06,-4.70166e+06,3.41476e+06,273838
190.5,180,-14.1172,-8.53774e-07,4.59217
180,-4.59515,1.69005e-09,-0.22609,-120.49
32.2029,64346,1832.7,1832.7,180
-9.52351,-2.76856e+06,-4.70197e+06,3.41391e+06,274732
191,180,-14.2218,-0,4.55613
180,-4.55917,1.67617e-09,-0.224297,-120.49
32.1948,64193.2,1833.47,1833.47,180
-9.66402,-2.76874e+06,-4.70227e+06,3.41307e+06,275627
191.5,180,-14.3254,-0,4.51929
180,-4.5224,1.66197e-09,-0.222467,-120.49
32.1867,64038.2,1834.25,1834.25,180
-9.80442,-2.76892e+06,-4.70257e+06,3.41222e+06,276521
192,180,-14.4281,-0,4.48165
180,-4.48483,1.64744e-09,-0.220597,-120.49
32.1787,63880.9,1835.04,1835.04,180
-9.9447,-2.7691e+06,-4.70287e+06,3.41137e+06,277416
192.5,180,-14.5299,-0,4.44317
180,-4.44642,1.63257e-09,-0.218687,-120.49
32.1706,63721.3,1835.84,1835.84,180
-10.0849,-2.76927e+06,-4.70317e+06,3.41052e+06,278311
193,180,-14.6307,-0,4.40385
180,-4.40718,1.61727e-09,-0.216734,-120.49
32.1625,63559.4,1836.66,1836.66,180
-10.2249,-2.76945e+06,-4.70347e+06,3.40967e+06,279205
193.5,180,-14.7305,-0,4.36366
180,-4.36706,1.60157e-09,-0.214739,-120.49
32.1545,63395.2,1837.49,1837.49,180
-10.3648,-2.76962e+06,-4.70376e+06,3.40882e+06,280100
194,180,-14.8293,-0,4.32259
180,-4.32606,1.5855e-09,-0.212698,-120.49
32.1464,63228.8,1838.32,1838.32,180
-10.5046,-2.76979e+06,-4.70405e+06,3.40797e+06,280995
194.5,180,-14.9271,-0,4.2806
180,-4.28416,1.56904e-09,-0.210611,-120.49
32.1383,63060.1,1839.17,1839.17,180
-10.6443,-2.76997e+06,-4.70434e+06,3.40711e+06,281889
195,180,-15.0238,-0,4.23768
180,-4.24132,1.55217e-09,-0.208475,-120.49
32.1303,62889.1,1840.03,1840.03,180
-10.7839,-2.77014e+06,-4.70463e+06,3.40625e+06,282784
195.5,180,-15.1194,-8.53774e-07,4.19381
180,-4.19753,1.53491e-09,-0.20629,-120.49
32.1222,62715.8,1840.91,1840.91,180
-10.9233,-2.7703e+06,-4.70492e+06,3.4054e+06,283679
196,180,-15.214,-0,4.14896
180,-4.15277,1.51723e-09,-0.204053,-120.49
32.1141,62540.2,1841.79,1841.79,180
-11.0626,-2.77047e+06,-4.70521e+06,3.40454e+06,284574
196.5,180,-15.3073,-1.20742e-06,4.10311
180,-4.107,1.49916e-09,-0.201763,-120.49
32.106,62362.4,1842.68,1842.68,180
-11.2017,-2.77064e+06,-4.70549e+06,3.40368e+06,285469
197,180,-15.3996,-8.53774e-07,4.05622
180,-4.06021,1.48064e-09,-0.199417,-120.49
32.098,62182.2,1843.59,1843.59,180
-11.3408,-2.77081e+06,-4.70577e+06,3.40282e+06,286363
197.5,180,-15.4906,-1.20742e-06,4.00828
180,-4.01237,1.46162e-09,-0.197014,-120.49
32.0899,61999.8,1844.51,1844.51,180
-11.4797,-2.77097e+06,-4.70606e+06,3.40195e+06,287258
198,180,-15.5805,-8.53774e-07,3.95926
180,-3.96344,1.44215e-09,-0.194552,-120.49
32.0818,61815.1,1845.43,1845.43,180
-11.6184,-2.77114e+06,-4.70633e+06,3.40109e+06,288153
198.5,180,-15.6691,-0,3.90912
180,-3.91341,1.42225e-09,-0.192028,-120.49
32.0738,61628.2,1846.37,1846.37,180
-11.757,-2.7713e+06,-4.70661e+06,3.40022e+06,289048
199,180,-15.7564,-0,3.85784
180,-3.86223,1.4019e-09,-0.189441,-120.49
32.0657,61438.9,1847.32,1847.32,180
-11.8955,-2.77146e+06,-4.70689e+06,3.39936e+06,289943
199.5,180,-15.8424,-0,3.80538
180,-3.80989,1.38109e-09,-0.186788,-120.49
32.0576,61247.4,1848.28,1848.28,180
-12.0339,-2.77162e+06,-4.70716e+06,3.39849e+06,290838
200,180,-15.927,-8.53774e-07,3.75172
180,-3.75633,1.35979e-09,-0.184067,-120.49
32.0495,61053.5,1849.25,1849.25,180
-12.1721,-2.77178e+06,-4.70743e+06,3.39762e+06,291733
200.5,180,-16.0103,-0,3.69681
180,-3.70155,1.33797e-09,-0.181275,-120.49
32.0415,60857.4,1850.24,1850.24,180
-12.3101,-2.77194e+06,-4.7077e+06,3.39675e+06,292629
201,180,-16.0922,-8.53774e-07,3.64063
180,-3.64549,1.31555e-09,-0.17841,-120.49
32.0334,60659.1,1851.23,1851.23,180
-12.4481,-2.7721e+06,-4.70797e+06,3.39588e+06,293524
201.5,180,-16.1726,-8.53774e-07,3.58314
180,-3.58812,1.29257e-09,-0.175469,-120.49
32.0253,60458.4,1852.24,1852.24,180
-12.5858,-2.77226e+06,-4.70824e+06,3.39501e+06,294419
202,180,-16.2515,-0,3.52429
180,-3.52942,1.26908e-09,-0.172449,-120.49
32.0173,60255.4,1853.25,1853.25,180
-12.7235,-2.77241e+06,-4.7085e+06,3.39413e+06,295314
202.5,180,-16.3289,-0,3.46406
180,-3.46933,1.24505e-09,-0.169348,-120.49
32.0092,60050.2,1854.28,1854.28,180
-12.861,-2.77257e+06,-4.70876e+06,3.39326e+06,296209
203,180,-16.4047,-0,3.4024
180,-3.40781,1.22046e-09,-0.166163,-120.49
32.0011,59842.7,1855.32,1855.32,180
-12.9983,-2.77272e+06,-4.70903e+06,3.39238e+06,297105
203.5,180,-16.4789,-0,3.33927
180,-3.34484,1.19531e-09,-0.16289,-120.49
31.993,59632.9,1856.36,1856.36,180
-13.1355,-2.77287e+06,-4.70928e+06,3.3915e+06,298000
204,180,-16.5515,-0,3.27462
180,-3.28035,1.16949e-09,-0.159527,-120.49
31.985,59420.8,1857.42,1857.42,180
-13.2725,-2.77303e+06,-4.70954e+06,3.39063e+06,298895
204.5,180,-16.6223,-0,3.20841
180,-3.21432,1.14307e-09,-0.15607,-120.49
31.9769,59206.5,1858.49,1858.49,180
-13.4094,-2.77318e+06,-4.7098e+06,3.38974e+06,299791
205,180,-16.6914,-1.20742e-06,3.1406
180,-3.14669,1.11603e-09,-0.152515,-120.49
31.9688,58989.8,1859.57,1859.57,180
-13.5461,-2.77333e+06,-4.71005e+06,3.38886e+06,300686
205.5,180,-16.7587,-1.20742e-06,3.07112
180,-3.07741,1.08838e-09,-0.14886,-120.49
31.9607,58770.9,1860.66,1860.66,180
-13.6827,-2.77347e+06,-4.7103e+06,3.38798e+06,301582
206,180,-16.8241,-0,2.99994
180,-3.00644,1.06005e-09,-0.145099,-120.49
31.9526,58549.7,1861.77,1861.77,180
-13.8191,-2.77362e+06,-4.71056e+06,3.3871e+06,302477
206.5,180,-16.8877,-8.53774e-07,2.927
180,-2.93371,1.03098e-09,-0.141231,-120.49
31.9446,58326.2,1862.88,1862.88,180
-13.9553,-2.77377e+06,-4.7108e+06,3.38621e+06,303373
207,180,-16.9492,-8.53774e-07,2.85224
180,-2.85919,1.00118e-09,-0.137249,-120.49
31.9365,58100.4,1864,1864,180
-14.0914,-2.77391e+06,-4.71105e+06,3.38532e+06,304268
207.5,180,-17.0088,-0,2.77561
180,-2.78282,9.70725e-10,-0.133151,-120.49
31.9284,57872.3,1865.13,1865.13,180
-14.2273,-2.77406e+06,-4.7113e+06,3.38444e+06,305164
208,180,-17.0663,-0,2.69705
180,-2.70452,9.39552e-10,-0.128931,-120.49
31.9203,57642,1866.28,1866.28,180
-14.3631,-2.7742e+06,-4.71154e+06,3.38355e+06,306060
208.5,180,-17.1216,-0,2.61648
180,-2.62426,9.07661e-10,-0.124586,-120.49
31.9123,57409.4,1867.43,1867.43,180
-14.4987,-2.77434e+06,-4.71178e+06,3.38266e+06,306955
209,180,-17.1747,-0,2.53386
180,-2.54195,8.74964e-10,-0.120111,-120.49
31.9042,57174.5,1868.6,1868.6,180
-14.6341,-2.77449e+06,-4.71202e+06,3.38177e+06,307851
209.5,180,-17.2256,-0,2.44911
180,-2.45755,8.41465e-10,-0.1155,-120.49
31.8961,56937.3,1869.77,1869.77,180
-14.7694,-2.77463e+06,-4.71226e+06,3.38087e+06,308747
210,180,-17.2741,-8.53774e-07,2.36215
180,-2.37097,8.07183e-10,-0.110748,-120.49
31.888,56697.8,1870.96,1870.96,180
-14.9045,-2.77476e+06,-4.7125e+06,3.37998e+06,309643
210.5,180,-17.3202,-0,2.27292
180,-2.28216,7.72063e-10,-0.105851,-120.49
31.8799,56456,1872.15,1872.15,180
-15.0394,-2.7749e+06,-4.71273e+06,3.37908e+06,310539
211,180,-17.3638,-0,2.18134
180,-2.19103,7.36079e-10,-0.100803,-120.49
31.8719,56212,1873.36,1873.36,180
-15.1741,-2.77504e+06,-4.71296e+06,3.37819e+06,311435
211.5,180,-17.4048,-8.53774e-07,2.08731
180,-2.09752,6.99214e-10,-0.0955972,-120.49
31.8638,55965.7,1874.57,1874.57,180
-15.3087,-2.77518e+06,-4.71319e+06,3.37729e+06,312330
212,180,-17.4433,-8.53774e-07,1.99076
180,-2.00155,6.61502e-10,-0.0902285,-120.49
31.8557,55717.1,1875.8,1875.8,180
-15.443,-2.77531e+06,-4.71342e+06,3.37639e+06,313226
212.5,180,-17.4789,-0,1.89159
180,-1.90302,6.22912e-10,-0.0846906,-120.49
31.8476,55466.2,1877.03,1877.03,180
-15.5773,-2.77544e+06,-4.71365e+06,3.37549e+06,314123
213,180,-17.5118,-0,1.7897
180,-1.80186,5.83368e-10,-0.0789767,-120.49
31.8395,55213,1878.28,1878.28,180
-15.7113,-2.77558e+06,-4.71388e+06,3.37459e+06,315019
213.5,180,-17.5418,-0,1.68498
180,-1.69798,5.42856e-10,-0.0730803,-120.49
31.8314,54957.6,1879.53,1879.53,180
-15.8451,-2.77571e+06,-4.7141e+06,3.37369e+06,315915
214,180,-17.5687,-8.53774e-07,1.5773
180,-1.59129,5.01396e-10,-0.0669942,-120.49
31.8234,54699.8,1880.8,1880.8,180
-15.9788,-2.77584e+06,-4.71432e+06,3.37278e+06,316811
214.5,180,-17.5926,-8.53774e-07,1.46655
180,-1.48168,4.58983e-10,-0.060711,-120.49
31.8153,54439.8,1882.07,1882.07,180
-16.1123,-2.77597e+06,-4.71454e+06,3.37188e+06,317707
215,180,-17.6133,-1.20742e-06,1.35257
180,-1.36907,4.1554e-10,-0.0542232,-120.49
31.8072,54177.5,1883.36,1883.36,180
-16.2456,-2.7761e+06,-4.71476e+06,3.37097e+06,318603
215.5,180,-17.6307,-8.53774e-07,1.23518
180,-1.25335,3.71133e-10,-0.0475227,-120.49
31.7991,53912.9,1884.65,1884.65,180
-16.3787,-2.77623e+06,-4.71498e+06,3.37006e+06,319500
216,180,-17.6447,-0,1.11417
180,-1.13442,3.25744e-10,-0.0406013,-120.49
31.791,53646,1885.95,1885.95,180
-16.5116,-2.77635e+06,-4.71519e+06,3.36915e+06,320396
216.5,180,-17.6552,-8.53774e-07,0.989255
180,-1.01215,2.79265e-10,-0.0334503,-120.49
31.7829,53376.9,1887.27,1887.27,180
-16.6444,-2.77648e+06,-4.71541e+06,3.36824e+06,321292
217,180,-17.662,-0,0.86004
180,-0.886448,2.31811e-10,-0.0260606,-120.49
31.7749,53105.5,1888.59,1888.59,180
-16.7769,-2.7766e+06,-4.71562e+06,3.36733e+06,322189
217.5,180,-17.6651,-0,0.725888
180,-0.757181,1.8342e-10,-0.0184228,-120.49
31.7668,52831.8,1889.92,1889.92,180
-16.9092,-2.77673e+06,-4.71583e+06,3.36642e+06,323085
218,180,-17.6643,-0,0.585633
180,-0.62423,1.34057e-10,-0.0105273,-120.49
31.7587,52555.8,1891.26,1891.26,180
-17.0414,-2.77685e+06,-4.71604e+06,3.3655e+06,323982
218.5,180,-17.6595,-0,0.436626
180,-0.487465,8.38564e-11,-0.00236366,-120.49
31.7506,52277.5,1892.61,1892.61,180
-17.1733,-2.77697e+06,-4.71624e+06,3.36459e+06,324878
219,180,-17.6505,-0,0.270148
180,-0.346753,3.29607e-11,0.00607861,-120.49
31.7425,51996.9,1893.97,1893.97,180
-17.3051,-2.77709e+06,-4.71645e+06,3.36367e+06,325775
219.5,-180,-17.6373,-8.53774e-07,0
-180,-0.201961,-1.83139e-11,0.0148107,-120.49
31.7344,51714.1,1895.34,1895.34,180
-17.4366,-2.77721e+06,-4.71665e+06,3.36276e+06,326672
220,-180,-17.6196,-0,0
-180,-0.0529364,-6.8957e-11,0.023844,-120.49
31.7263,51429,1896.71,1896.71,180
-17.568,-2.77733e+06,-4.71685e+06,3.36184e+06,327568
220.5,-180,-17.5992,-8.53774e-07,0
-5.48464e-08,0.0985477,-9.43354e-11,0.0208645,-120.49
31.7183,51141.6,1898.1,1898.1,180
-17.6991,-2.77745e+06,-4.71705e+06,3.36092e+06,328465
221,-180,-17.5831,-8.53774e-07,0.109689
-2.40582e-08,0.245663,-1.03153e-10,0.0111501,-120.49
31.7102,50851.9,1899.49,1899.49,180
-17.8301,-2.77756e+06,-4.71725e+06,3.35999e+06,329362
221.5,-180,-17.5719,-0,0.318861
-1.62242e-08,0.387609,-1.09758e-10,0.00106349,-120.49
31.7021,50560,1900.9,1900.9,180
-17.9608,-2.77768e+06,-4.71744e+06,3.35907e+06,330259
222,-180,-17.5658,-8.53774e-07,0.475364
-1.25558e-08,0.524198,-1.14872e-10,-0.00941265,-120.49
31.694,50265.8,1902.31,1902.31,180
-18.0913,-2.77779e+06,-4.71763e+06,3.35815e+06,331155
222.5,-180,-17.5651,-8.53774e-07,0.616668
-1.0387e-08,0.655234,-1.18784e-10,-0.0202966,-120.49
31.6859,49969.2,1903.73,1903.73,180
-18.2216,-2.7779e+06,-4.71783e+06,3.35722e+06,332052
223,-180,-17.5699,-8.53774e-07,0.748268
-8.9307e-09,0.780506,-1.21655e-10,-0.0316075,-120.49
31.6778,49670.5,1905.15,1905.15,180
-18.3517,-2.77802e+06,-4.71802e+06,3.3563e+06,332949
223.5,-180,-17.5805,-0,0.871849
-7.8741e-09,0.899796,-1.23654e-10,-0.0433656,-120.49
31.6697,49369.4,1906.59,1906.59,180
-18.4816,-2.77813e+06,-4.71821e+06,3.35537e+06,333846
224,-180,-17.597,-0,0.988018
-7.06318e-09,1.01287,-1.24857e-10,-0.0555921,-120.49
31.6616,49066.1,1908.03,1908.03,180
-18.6112,-2.77824e+06,-4.71839e+06,3.35444e+06,334743
224.5,-180,-17.6198,-0,1.09696
-6.41036e-09,1.1195,-1.25244e-10,-0.0683095,-120.49
31.6535,48760.5,1909.48,1909.48,180
-18.7406,-2.77834e+06,-4.71858e+06,3.35351e+06,335640
225,-180,-17.6491,-8.53774e-07,1.19867
-5.86874e-09,1.21942,-1.24895e-10,-0.0815413,-120.49
31.6454,48452.6,1910.93,1910.93,180
-18.8698,-2.77845e+06,-4.71876e+06,3.35258e+06,336537
225.5,-180,-17.6851,-0,1.29304
-5.40761e-09,1.31236,-1.23852e-10,-0.0953123,-120.49
31.6373,48142.4,1912.4,1912.4,180
-18.9988,-2.77856e+06,-4.71894e+06,3.35165e+06,337435
226,-180,-17.7282,-8.53774e-07,1.37987
-5.00679e-09,1.39807,-1.22159e-10,-0.109649,-120.49
31.6293,47830,1913.87,1913.87,180
-19.1275,-2.77866e+06,-4.71912e+06,3.35071e+06,338332
226.5,-180,-17.7786,-1.20742e-06,1.45894
-4.65122e-09,1.47623,-1.19827e-10,-0.124578,-120.49
31.6212,47515.3,1915.34,1915.34,180
-19.2561,-2.77877e+06,-4.7193e+06,3.34978e+06,339229
227,-180,-17.8365,-0,1.53
-4.32896e-09,1.54655,-1.16836e-10,-0.140135,-120.49
31.6131,47198.3,1916.83,1916.83,180
-19.3844,-2.77887e+06,-4.71947e+06,3.34884e+06,340126
227.5,-180,-17.9025,-8.53774e-07,1.59274
-4.03428e-09,1.6087,-1.13257e-10,-0.156392,-120.49
31.605,46879.1,1918.32,1918.32,180
-19.5124,-2.77898e+06,-4.71965e+06,3.34791e+06,341023
228,-180,-17.9767,-0,1.64683
-3.76086e-09,1.66231,-1.09099e-10,-0.173394,-120.49
31.5969,46557.6,1919.81,1919.81,180
-19.6403,-2.77908e+06,-4.71982e+06,3.34697e+06,341921
228.5,-180,-18.0596,-0,1.69188
-3.5045e-09,1.707,-1.04394e-10,-0.191186,-120.49
31.5888,46233.8,1921.32,1921.32,180
-19.7679,-2.77918e+06,-4.71999e+06,3.34603e+06,342818
229,-180,-18.1517,-0,1.72751
-3.2605e-09,1.74236,-9.9137e-11,-0.209811,-120.49
31.5807,45907.8,1922.82,1922.82,180
-19.8953,-2.77928e+06,-4.72016e+06,3.34509e+06,343715
229.5,-180,-18.2532,-8.53774e-07,1.7533
-3.02503e-09,1.76796,-9.33285e-11,-0.229318,-120.49
31.5726,45579.5,1924.33,1924.33,180
-20.0224,-2.77937e+06,-4.72033e+06,3.34414e+06,344613
230,-180,-18.3647,-0,1.76879
-2.79286e-09,1.78336,-8.69156e-11,-0.249758,-120.49
31.5645,45248.9,1925.85,1925.85,180
-20.1494,-2.77947e+06,-4.72049e+06,3.3432e+06,345510
230.5,-180,-18.4867,-0,1.77351
-2.56394e-09,1.78807,-8.00024e-11,-0.271187,-120.49
31.5564,44916.1,1927.37,1927.37,180
-20.2761,-2.77957e+06,-4.72065e+06,3.34226e+06,346408
231,-180,-18.6197,-8.53774e-07,1.76695
-2.33558e-09,1.78158,-7.26125e-11,-0.293663,-120.49
31.5483,44581,1928.89,1928.89,180
-20.4025,-2.77966e+06,-4.72082e+06,3.34131e+06,347305
231.5,-180,-18.7642,-8.53774e-07,1.74856
-2.10448e-09,1.76336,-6.47588e-11,-0.317248,-120.49
31.5402,44243.6,1930.42,1930.42,180
-20.5288,-2.77976e+06,-4.72098e+06,3.34036e+06,348203
232,-180,-18.9207,-8.53774e-07,1.71776
-1.86753e-09,1.73285,-5.64732e-11,-0.342009,-120.49
31.5321,43904,1931.95,1931.95,180
-20.6548,-2.77985e+06,-4.72113e+06,3.33942e+06,349100
232.5,-180,-19.0899,-0,1.67394
-1.62066e-09,1.68943,-4.77804e-11,-0.368017,-120.49
31.524,43562.1,1933.49,1933.49,180
-20.7806,-2.77994e+06,-4.72129e+06,3.33847e+06,349998
233,180,-19.2725,-8.53774e-07,1.61643
-1.35884e-09,1.63247,-3.87112e-11,-0.39535,-120.49
31.5159,43218,1935.02,1935.02,180
-20.9062,-2.78003e+06,-4.72144e+06,3.33752e+06,350895
233.5,180,-19.469,-0,1.54452
-1.07612e-09,1.5613,-2.93208e-11,-0.424088,-120.49
31.5078,42871.6,1936.56,1936.56,180
-21.0316,-2.78012e+06,-4.7216e+06,3.33656e+06,351793
234,180,-19.6803,-0,1.45742
-7.63268e-10,1.47519,-1.96498e-11,-0.454319,-120.49
31.4997,42523,1938.1,1938.1,180
-21.1568,-2.78021e+06,-4.72175e+06,3.33561e+06,352690
234.5,180,-19.9071,-8.53774e-07,1.3543
-4.08083e-10,1.37339,-9.78099e-12,-0.486138,-120.49
31.4916,42172.1,1939.63,1939.63,180
-21.2818,-2.7803e+06,-4.7219e+06,3.33466e+06,353588
235,180,-20.1502,-0,1.23419
0,1.25509,2.13798e-13,-0.519643,-120.49
31.4836,41819,1941.17,1941.17,180
-21.4066,-2.78039e+06,-4.72204e+06,3.3337e+06,354485
235.5,180,-20.4105,-1.20742e-06,1.09598
5.22293e-10,1.11943,1.02038e-11,-0.554944,-120.49
31.4755,41463.6,1942.71,1942.71,180
-21.5312,-2.78047e+06,-4.72219e+06,3.33275e+06,355383
236,180,-20.6889,-0,0.938261
1.18861e-09,0.965494,2.00285e-11,-0.592156,-120.49
31.4674,41106,1944.25,1944.25,180
-21.6557,-2.78056e+06,-4.72233e+06,3.33179e+06,356280
236.5,180,-20.9865,-0,0.758981
2.13126e-09,0.79232,2.94716e-11,-0.631402,-120.49
31.4593,40746.1,1945.78,1945.78,180
-21.78,-2.78064e+06,-4.72247e+06,3.33083e+06,357178
237,180,-21.3041,-1.20742e-06,0.554159
3.64955e-09,0.598879,3.81462e-11,-0.672816,-120.49
31.4512,40384,1947.31,1947.31,180
-21.9042,-2.78072e+06,-4.72261e+06,3.32987e+06,358075
237.5,180,-21.643,-8.53774e-07,0.310063
6.76822e-09,0.38408,4.53705e-11,-0.71654,-120.49
31.4431,40019.7,1948.84,1948.84,180
-22.0284,-2.7808e+06,-4.72275e+06,3.32891e+06,358973
238,180,-22.0044,-0,0
1.94274e-08,0.146805,4.97778e-11,-0.76273,-120.49
31.435,39653.1,1950.36,1950.36,180
-22.1525,-2.78088e+06,-4.72289e+06,3.32795e+06,359870
238.5,180,-22.3853,-0,0
180,-0.110083,2.83484e-11,-0.769388,-120.49
31.4269,39284.2,1951.88,1951.88,180
-22.2764,-2.78096e+06,-4.72302e+06,3.32699e+06,360768
239,-180,-22.7494,-8.53774e-07,0.268594
-180,-0.350344,-2.39188e-11,-0.71776,-120.49
31.4188,38913.2,1953.39,1953.39,180
-22.4003,-2.78104e+06,-4.72316e+06,3.32602e+06,361665
239.5,-180,-23.0869,-0,0.517563
-180,-0.564024,-7.47205e-11,-0.663131,-120.49
31.4107,38539.8,1954.89,1954.89,180
-22.5241,-2.78112e+06,-4.72329e+06,3.32506e+06,362562
240,-180,-23.3963,-0,0.715595
-180,-0.749625,-1.21818e-10,-0.605295,-120.49
31.4026,38164.3,1956.38,1956.38,180
-22.6479,-2.7812e+06,-4.72342e+06,3.32409e+06,363459
240.5,-180,-23.676,-0,0.877786
-180,-0.905501,-1.64066e-10,-0.54403,-120.49
31.3945,37786.5,1957.86,1957.86,180
-22.7718,-2.78127e+06,-4.72354e+06,3.32312e+06,364357
241,-180,-23.9242,-0,1.00585
-180,-1.02989,-2.00581e-10,-0.479095,-120.49
31.3864,37406.5,1959.33,1959.33,180
-22.8955,-2.78134e+06,-4.72367e+06,3.32215e+06,365254
241.5,-180,-24.1389,-0,1.09911
-180,-1.12091,-2.30544e-10,-0.410231,-120.49
31.3783,37024.2,1960.78,1960.78,180
-23.0193,-2.78142e+06,-4.72379e+06,3.32119e+06,366151
242,-180,-24.3183,-0,1.15606
-180,-1.17655,-2.53174e-10,-0.337158,-120.49
31.3702,36639.7,1962.22,1962.22,180
-23.1429,-2.78149e+06,-4.72392e+06,3.32021e+06,367048
242.5,-180,-24.4599,-8.53774e-07,1.17475
-180,-1.19465,-2.67676e-10,-0.259574,-120.49
31.3621,36253,1963.64,1963.64,180
-23.2665,-2.78156e+06,-4.72404e+06,3.31924e+06,367944
243,-180,-24.5616,-0,1.15295
-180,-1.17291,-2.73191e-10,-0.177151,-120.49
31.3541,35864.1,1965.04,1965.04,180
-23.39,-2.78163e+06,-4.72415e+06,3.31827e+06,368841
243.5,-180,-24.6209,-0,1.0881
-180,-1.10888,-2.68793e-10,-0.0895364,-120.49
31.346,35472.9,1966.41,1966.41,180
-23.5132,-2.7817e+06,-4.72427e+06,3.3173e+06,369737
244,-180,-24.635,-8.53774e-07,0.977254
-180,-0.999902,-2.53437e-10,0.00365238,-120.49
31.3379,35079.5,1967.77,1967.77,180
-23.6363,-2.78176e+06,-4.72439e+06,3.31632e+06,370634
244.5,-180,-24.601,-0,0.816769
-180,-0.843176,-2.25888e-10,0.10283,-120.49
31.3298,34684,1969.1,1969.1,180
-23.7591,-2.78183e+06,-4.7245e+06,3.31535e+06,371530
245,-180,-24.5159,-0,0.601074
-180,-0.635683,-1.84634e-10,0.208443,-120.49
31.3217,34286.2,1970.4,1970.4,180
-23.8815,-2.7819e+06,-4.72461e+06,3.31437e+06,372426
245.5,-180,-24.3764,-1.20742e-06,0.313622
-180,-0.374209,-1.275e-10,0.32098,-120.49
31.3136,33886.3,1971.66,1971.66,180
-24.0034,-2.78196e+06,-4.72472e+06,3.31339e+06,373321
246,-180,-24.1787,-0,0
-180,-0.0553917,-4.97627e-11,0.440967,-120.49
31.3056,33484.1,1972.9,1972.9,180
-24.1245,-2.78202e+06,-4.72482e+06,3.31241e+06,374217
246.5,180,-23.9636,-0,0.199208
1.86379e-08,0.280586,9.12729e-11,0.351561,-120.49
31.2975,33079.9,1974.09,1974.09,180
-24.2454,-2.78209e+06,-4.72493e+06,3.31144e+06,375112
247,180,-23.8128,-1.20742e-06,0.516229
2.31248e-08,0.551365,2.22531e-10,0.214913,-120.49
31.2894,32673.5,1975.24,1975.24,180
-24.3654,-2.78215e+06,-4.72503e+06,3.31046e+06,376007
247.5,180,-23.7327,-0,0.726584
2.48219e-08,0.750841,3.25274e-10,0.0689511,-120.49
31.2813,32265,1976.35,1976.35,180
-24.4847,-2.78221e+06,-4.72514e+06,3.30947e+06,376902
248,180,-23.7279,-8.53774e-07,0.854599
2.5899e-08,0.874318,3.95199e-10,-0.0869141,-120.49
31.2733,31854.4,1977.4,1977.4,180
-24.6034,-2.78227e+06,-4.72524e+06,3.30849e+06,377796
248.5,180,-23.8035,-0,0.899149
2.6785e-08,0.916902,4.28624e-10,-0.253064,-120.49
31.2652,31441.7,1978.4,1978.4,180
-24.7216,-2.78232e+06,-4.72533e+06,3.30751e+06,378690
249,180,-23.9649,-0,0.855957
2.76751e-08,0.873448,4.2188e-10,-0.430226,-120.49
31.2571,31027,1979.34,1979.34,180
-24.8396,-2.78238e+06,-4.72543e+06,3.30653e+06,379584
249.5,180,-24.2178,-0,0.719192
2.87817e-08,0.738477,3.70955e-10,-0.619201,-120.49
31.2491,30610.3,1980.22,1980.22,180
-24.9574,-2.78244e+06,-4.72552e+06,3.30554e+06,380477
250,180,-24.5682,-1.20742e-06,0.479984
3.06846e-08,0.506157,2.71068e-10,-0.820851,-120.49
31.241,30191.5,1981.03,1981.03,180
-25.0755,-2.78249e+06,-4.72562e+06,3.30456e+06,381370
250.5,180,-25.0227,-1.20742e-06,0.075336
3.8739e-08,0.170326,1.15162e-10,-1.0361,-120.49
31.233,29770.7,1981.77,1981.77,180
-25.1942,-2.78254e+06,-4.72571e+06,3.30357e+06,382263
251,-180,-25.5501,-1.47878e-06,0.189409
-180,-0.237647,-1.35757e-10,-0.993363,-120.49
31.2249,29347.8,1982.43,1982.43,180
-25.3137,-2.7826e+06,-4.7258e+06,3.30259e+06,383155
251.5,-180,-25.9793,-8.53774e-07,0.530023
-180,-0.546377,-3.64967e-10,-0.747821,-120.49
31.2169,28923,1983.01,1983.01,180
-25.4341,-2.78265e+06,-4.72588e+06,3.3016e+06,384046
252,-180,-26.2816,-8.53774e-07,0.717464
-180,-0.727417,-5.09209e-10,-0.485435,-120.49
31.2089,28496.2,1983.49,1983.49,180
-25.5554,-2.7827e+06,-4.72597e+06,3.30062e+06,384937
252.5,-180,-26.4484,-0,0.765329
-180,-0.772434,-5.58165e-10,-0.204952,-120.49
31.2008,28067.4,1983.87,1983.87,180
-25.6772,-2.78275e+06,-4.72605e+06,3.29963e+06,385827
253,-180,-26.4702,-8.53774e-07,0.667143
-180,-0.672536,-5.02227e-10,0.0949765,-120.49
31.1928,27636.6,1984.15,1984.15,180
-25.7989,-2.78279e+06,-4.72613e+06,3.29864e+06,386717
253.5,-180,-26.337,-8.53774e-07,0.414359
-180,-0.418274,-3.3062e-10,0.415804,-120.49
31.1848,27203.9,1984.3,1984.3,180
-25.9199,-2.78284e+06,-4.72621e+06,3.29765e+06,387606
254,-180,-26.0379,-0,0.031914
-3.62531e-06,0.000401827,-2.54251e-11,0.755545,-120.49
31.1768,26769.2,1984.34,1984.34,180
-26.0395,-2.78289e+06,-4.72629e+06,3.29667e+06,388494
254.5,180,-25.7411,-8.53774e-07,0.42152
6.06193e-08,0.414591,4.38636e-10,0.388107,-120.49
31.1688,26332.8,1984.23,1984.23,180
-26.1569,-2.78293e+06,-4.72637e+06,3.29568e+06,389381
255,180,-25.6343,-0,0.645506
6.34239e-08,0.636973,7.05085e-10,-0.00528641,-120.49
31.1608,25894.5,1983.98,1983.98,180
-26.2725,-2.78297e+06,-4.72644e+06,3.29469e+06,390267
255.5,180,-25.731,-0,0.66737
6.52184e-08,0.65493,7.45472e-10,-0.426577,-120.49
31.1528,25454.6,1983.56,1983.56,180
-26.3871,-2.78302e+06,-4.72651e+06,3.2937e+06,391152
256,180,-26.0456,-1.20742e-06,0.47902
6.77021e-08,0.45512,5.37774e-10,-0.877852,-120.49
31.1448,25013,1982.98,1982.98,180
-26.5019,-2.78306e+06,-4.72658e+06,3.29271e+06,392036
256.5,180,-26.5936,-1.47878e-06,0.17081
1.29349e-07,0.0232468,5.24812e-11,-1.36136,-120.49
31.1369,24569.7,1982.21,1982.21,180
-26.618,-2.7831e+06,-4.72665e+06,3.29172e+06,392919
257,-180,-27.1627,-0,0.465598
-180,-0.425629,-5.84594e-10,-0.888318,-120.49
31.1289,24124.9,1981.23,1981.23,180
-26.7383,-2.78314e+06,-4.72672e+06,3.29074e+06,393801
257.5,-180,-27.4644,-0,0.639657
-180,-0.604995,-8.61523e-10,-0.332942,-120.49
31.121,23678.3,1980.04,1980.04,180
-26.8607,-2.78318e+06,-4.72678e+06,3.28975e+06,394681
258,-180,-27.4788,-0,0.545472
-180,-0.49638,-7.28256e-10,0.262447,-120.49
31.113,23230.2,1978.62,1978.62,180
-26.9837,-2.78321e+06,-4.72684e+06,3.28876e+06,395560
258.5,-180,-27.1852,-1.20742e-06,0.257442
-180,-0.0810205,-1.42257e-10,0.900832,-120.49
31.1051,22780.6,1976.95,1976.95,180
-27.1053,-2.78325e+06,-4.7269e+06,3.28778e+06,396438
259,180,-26.8099,-0,0.486945
9.23605e-08,0.409783,6.60556e-10,0.395551,-120.49
31.0972,22329.5,1975.01,1975.01,180
-27.2208,-2.78328e+06,-4.72696e+06,3.28679e+06,397314
259.5,180,-26.782,-0,0.618121
9.55533e-08,0.550155,9.17479e-10,-0.338616,-120.49
31.0893,21877.2,1972.77,1972.77,180
-27.3333,-2.78332e+06,-4.72702e+06,3.2858e+06,398187
260,180,-27.134,-8.53774e-07,0.431984
9.9638e-08,0.310443,5.39853e-10,-1.126,-120.49
31.0815,21423.7,1970.22,1970.22,180
-27.4456,-2.78335e+06,-4.72707e+06,3.28482e+06,399060
260.5,-180,-27.8163,-1.20742e-06,0.408083
-180,-0.254056,-4.79581e-10,-1.22123,-120.49
31.0736,20969.1,1967.33,1967.33,180
-27.5634,-2.78338e+06,-4.72713e+06,3.28384e+06,399930
261,-180,-28.1998,-0,0.614322
-180,-0.512441,-1.0131e-09,-0.315559,-120.49
31.0658,20513.4,1964.09,1964.09,180
-27.6886,-2.78341e+06,-4.72718e+06,3.28286e+06,400797
261.5,-180,-28.1146,-0,0.467974
-180,-0.301059,-6.17924e-10,0.655718,-120.49
31.058,20056.5,1960.45,1960.45,180
-27.8148,-2.78344e+06,-4.72723e+06,3.28188e+06,401663
262,180,-27.6458,-0,0.474152
1.22304e-07,0.286655,6.1188e-10,0.669352,-120.49
31.0502,19598.7,1956.4,1956.4,-180
-27.9335,-2.78346e+06,-4.72727e+06,3.2809e+06,402525
262.5,180,-27.5729,-0,0.61514
1.26945e-07,0.469353,1.03987e-09,-0.443664,-120.49
31.0424,19140.1,1951.92,1951.92,180
-28.0433,-2.78349e+06,-4.72732e+06,3.27992e+06,403385
263,180,-28.0753,-2.09131e-06,0.424581
1.41737e-07,0.0768872,1.90197e-10,-1.63392,-120.49
31.0347,18681,1946.98,1946.98,180
-28.1533,-2.78352e+06,-4.72736e+06,3.27895e+06,404242
263.5,-180,-28.6978,-8.53774e-07,0.60609
-180,-0.418661,-1.00359e-09,-0.620884,-120.49
31.027,18221.4,1941.55,1941.55,180
-28.2805,-2.78354e+06,-4.7274e+06,3.27798e+06,405096
264,-180,-28.6713,-0,0.527921
-180,-0.260662,-6.47714e-10,0.73861,-120.49
31.0193,17761.2,1935.6,1935.6,-180
-28.4119,-2.78356e+06,-4.72744e+06,3.27701e+06,405947
264.5,180,-28.1926,-0,0.586089
1.47765e-07,0.335543,8.65323e-10,0.439862,-120.49
31.0117,17300.5,1929.1,1929.1,-180
-28.5292,-2.78359e+06,-4.72748e+06,3.27605e+06,406794
265,180,-28.3406,-0,0.581926
1.52583e-07,0.293667,7.82024e-10,-1.10989,-120.49
31.0041,16839.9,1922,1922,180
-28.6353,-2.78361e+06,-4.72751e+06,3.27508e+06,407637
265.5,-180,-29.0672,-0,0.610169
-180,-0.311463,-8.8434e-10,-1.00078,-120.49
30.9965,16379.4,1914.29,1914.29,180
-28.7572,-2.78363e+06,-4.72755e+06,3.27413e+06,408476
266,-180,-29.1331,-0,0.597321
-180,-0.239101,-7.00187e-10,0.761269,-120.49
30.989,15918.9,1905.92,1905.92,-180
-28.8953,-2.78364e+06,-4.72758e+06,3.27317e+06,409310
266.5,180,-28.67,-0,0.66442
1.74519e-07,0.340224,1.03624e-09,0.190102,-120.49
30.9815,15458.6,1896.86,1896.86,180
-29.0112,-2.78366e+06,-4.72761e+06,3.27222e+06,410140
267,180,-29.0517,-2.56132e-06,0.59735
1.86161e-07,0.0603311,1.96013e-10,-1.80726,-120.49
30.9741,14999.1,1887.07,1887.07,180
-29.1131,-2.78368e+06,-4.72763e+06,3.27128e+06,410964
267.5,-180,-29.5804,-0,0.699583
-180,-0.326781,-1.04923e-09,0.00670327,-120.49
30.9667,14540.3,1876.51,1876.51,180
-29.2551,-2.78369e+06,-4.72766e+06,3.27034e+06,411784
268,180,-29.159,-0,0.681404
1.89553e-07,0.22518,7.44922e-10,0.629877,-120.49
30.9593,14082.1,1865.16,1865.16,-180
-29.3852,-2.78371e+06,-4.72768e+06,3.2694e+06,412597
268.5,180,-29.4173,-2.56132e-06,0.671214
1.97805e-07,0.0638938,2.20569e-10,-1.76334,-120.49
30.952,13625.3,1852.97,1852.97,180
-29.4822,-2.78372e+06,-4.7277e+06,3.26847e+06,413405
269,-180,-29.8527,-8.53774e-07,0.728151
-180,-0.221318,-7.69546e-10,0.402402,-120.49
30.9448,13169.9,1839.92,1839.92,-180
-29.6329,-2.78373e+06,-4.72772e+06,3.26755e+06,414206
269.5,180,-29.5029,-0,0.760547
2.06746e-07,0.246026,8.87685e-10,-0.3039,-120.49
30.9377,12715.9,1825.96,1825.96,180
-29.7498,-2.78374e+06,-4.72774e+06,3.26663e+06,415000
270,-180,-30.0772,-8.53774e-07,0.773829
-180,-0.205983,-7.52316e-10,-0.634599,-120.49
30.9306,12263.9,1811.07,1811.07,180
-29.8729,-2.78375e+06,-4.72775e+06,3.26572e+06,415787
270.5,180,-29.8412,-1.20742e-06,0.790893
2.11897e-07,0.169515,6.26859e-10,0.197188,-120.49
30.9235,11813.8,1795.23,1795.23,-180
-30.0116,-2.78376e+06,-4.72777e+06,3.26482e+06,416567
271,-180,-30.2772,-0,0.812934
-180,-0.147416,-5.60053e-10,-0.489952,-120.49
30.9166,11366.2,1778.4,1778.4,180
-30.1316,-2.78376e+06,-4.72778e+06,3.26393e+06,417339
271.5,180,-30.1524,-0,0.833156
2.18028e-07,0.105127,4e-10,-0.696119,-120.49
30.9097,10921.1,1760.56,1760.56,180
-30.2584,-2.78377e+06,-4.72779e+06,3.26304e+06,418102
272,180,-30.3637,-0,0.851294
2.10124e-07,0.0439998,1.61346e-10,0.488658,-120.49
30.9029,10478.9,1741.8,1741.8,-180
-30.4085,-2.78377e+06,-4.7278e+06,3.26217e+06,418856
272.5,-180,-30.5427,-8.53774e-07,0.873599
-180,-0.00125007,-5.1824e-12,0.552885,-120.49
30.8961,10039.9,1722.18,1722.18,-180
-30.5434,-2.78378e+06,-4.7278e+06,3.2613e+06,419601
273,180,-30.6483,-0,0.896852
2.10592e-07,0.0115405,4.24122e-11,-0.506293,-120.49
30.8895,9604.17,1701.73,1701.73,180
-30.6605,-2.78378e+06,-4.72781e+06,3.26045e+06,420336
273.5,180,-30.7996,-0,0.919543
180,-0.000123385,-5.72755e-13,-0.242969,-120.49
30.883,9172.06,1680.47,1680.47,180
-30.8015,-2.78378e+06,-4.72781e+06,3.2596e+06,421062
274,-180,-30.9376,-0,0.941912
-179.983,-4.75213e-05,-1.40657e-08,-0.241805,-120.49
30.8765,8743.76,1658.42,1658.42,-180
-30.9397,-2.78378e+06,-4.72781e+06,3.25877e+06,421777
274.5,-180,-31.0774,-3.12532e-05,0.963821
-48.9288,0.000298739,-0.00034275,-0.276838,-120.49
30.8702,8319.49,1635.62,1635.62,-180
-31.0791,-2.78378e+06,-4.72781e+06,3.25794e+06,422482
275,180,-31.2193,3.90502e-05,0.985227
-168.782,-0.00046744,-9.26972e-05,-0.293755,-120.49
30.8639,7899.49,1612.12,1612.12,179.999
-31.2208,-2.78378e+06,-4.7278e+06,3.25713e+06,423176
275.5,180,-31.3632,1.70113e-05,1.00608
106.042,-0.000138282,0.00048084,-0.325531,-120.49
30.8577,7483.94,1587.94,1587.94,180
-31.3643,-2.78377e+06,-4.7278e+06,3.25633e+06,423858
276,-180,-31.5095,-2.0294e-05,1.02634
53.7942,0.000309902,0.00042327,-0.326413,-120.49
30.8517,7073.05,1563.14,1563.14,-180
-31.5106,-2.78377e+06,-4.72779e+06,3.25554e+06,424530
276.5,-180,-31.6581,-3.29008e-05,1.04596
32.5142,0.000462265,0.000294607,-0.324584,-120.49
30.8457,6667,1537.77,1537.77,-179.999
-31.6593,-2.78377e+06,-4.72778e+06,3.25477e+06,425189
277,-180,-31.8091,-2.91536e-05,1.06492
40.4398,0.000434603,0.000370333,-0.332246,-120.49
30.8399,6265.97,1511.88,1511.88,-179.999
-31.8103,-2.78376e+06,-4.72777e+06,3.254e+06,425837
277.5,-180,-31.9627,-5.53309e-06,1.08316
76.005,0.000143367,0.000575122,-0.345342,-120.49
30.8342,5870.12,1485.53,1485.53,-180
-31.9638,-2.78375e+06,-4.72776e+06,3.25326e+06,426472
278,180,-32.1191,3.53054e-05,1.10066
137.848,-0.000454741,0.000411567,-0.343314,-120.49
30.8285,5479.59,1458.78,1458.78,179.999
-32.1203,-2.78374e+06,-4.72775e+06,3.25252e+06,427095
278.5,180,-32.2784,2.74936e-05,1.11778
-135.31,-0.00045143,-0.000446479,-0.315,-120.49
30.823,5094.52,1431.69,1431.69,179.999
-32.2804,-2.78374e+06,-4.72773e+06,3.2518e+06,427706
279,-180,-32.4406,-4.12824e-05,1.13534
-24.7817,0.000598067,-0.00027606,-0.327908,-120.49
30.8176,4715.03,1404.26,1404.26,-179.999
-32.4425,-2.78373e+06,-4.72772e+06,3.25109e+06,428304
279.5,180,-32.6059,1.78273e-05,1.15205
108.369,-0.000213177,0.000641881,-0.367815,-120.49
30.8123,4341.24,1376.54,1376.54,180
-32.607,-2.78372e+06,-4.7277e+06,3.25039e+06,428890
280,180,-32.7747,0,1.1679
-96.3122,-7.65667e-05,-0.000692038,-0.326682,-120.49
30.8072,3973.26,1348.6,1348.6,180
-32.777,-2.7837e+06,-4.72768e+06,3.24971e+06,429463
280.5,-180,-32.9467,-4.18262e-06,1.18285
78.8446,0.000138304,0.000701199,-0.381614,-120.49
30.8021,3611.19,1320.5,1320.5,-180
-32.9478,-2.78369e+06,-4.72766e+06,3.24905e+06,430022
281,-180,-33.1225,-6.83019e-06,1.19689
-85.8214,5.3338e-05,-0.000729906,-0.340899,-120.49
30.7972,3255.08,1292.32,1292.32,-180
-33.1249,-2.78368e+06,-4.72764e+06,3.24839e+06,430570
281.5,180,-33.3018,2.87508e-05,1.21
127.281,-0.000451737,0.000593257,-0.391174,-120.49
30.7924,2905.01,1264.11,1264.11,179.999
-33.303,-2.78367e+06,-4.72761e+06,3.24775e+06,431104
282,-180,-33.4851,-4.21301e-05,1.22217
-1.55186,0.000764542,-2.0708e-05,-0.379356,-120.49
30.7877,2561,1235.94,1235.94,-179.999
-33.487,-2.78365e+06,-4.72759e+06,3.24713e+06,431625
282.5,180,-33.6726,1.37667e-05,1.23342
-113.682,-0.000311054,-0.000709029,-0.366853,-120.49
30.7831,2223.08,1207.87,1207.87,180
-33.6751,-2.78364e+06,-4.72756e+06,3.24652e+06,432134
283,180,-33.864,3.71955e-05,1.24372
149.522,-0.000676159,0.000397845,-0.407837,-120.49
30.7786,1891.26,1179.96,1179.96,179.999
-33.8656,-2.78362e+06,-4.72754e+06,3.24592e+06,432630
283.5,-180,-34.0599,-1.22242e-05,1.25308
68.0006,0.000299334,0.000740721,-0.425711,-120.49
30.7742,1565.54,1152.27,1152.27,-180
-34.0612,-2.7836e+06,-4.72751e+06,3.24534e+06,433113
284,-180,-34.2603,-4.00182e-05,1.26153
1.13249,0.000810769,1.60235e-05,-0.414282,-120.49
30.77,1245.88,1124.85,1124.85,-179.999
-34.2624,-2.78359e+06,-4.72748e+06,3.24477e+06,433584
284.5,-180,-34.4654,-2.63289e-05,1.26906
-52.1225,0.000502171,-0.000645432,-0.406033,-120.49
30.7659,932.249,1097.74,1097.74,-179.999
-34.4681,-2.78357e+06,-4.72745e+06,3.24422e+06,434042
285,-180,-34.6752,-0,1.2757
-92.5592,-3.67114e-05,-0.000821144,-0.411528,-120.49
30.7618,624.603,1071,1071,180
-34.6781,-2.78355e+06,-4.72742e+06,3.24368e+06,434488
285.5,180,-34.89,1.76424e-05,1.28145
-120.757,-0.000422199,-0.000709273,-0.424697,-120.49
30.7579,322.877,1044.65,1044.65,179.999
-34.8928,-2.78353e+06,-4.72739e+06,3.24315e+06,434923
286,180,-35.1098,2.61205e-05,1.28653
-137.191,-0.000608132,-0.000563177,-0.438796,-120.49
30.7541,27.0007,1018.74,1018.74,179.999
-35.1125,-2.78351e+06,-4.72735e+06,3.24264e+06,435345
-1.0,-180,-35.132,-3.70384e-05,1.28741
5.70479,0.000833952,8.32889e-05,-0.455414,-120.49
30.7537,-2.26834,1016.17,1016.17,-179.999
-35.1342,-2.78351e+06,-4.72735e+06,3.24259e+06,435386
