time,psibdx,thtbdx,lonx,latx,alt,dvbe,VBED1,VBED2,VBED3,grndtrck
0,90,60,-120.49,34.68,100.004,1.05065,0.000113789,0.535921,-0.903693,0.00267943
0.5,90,60,-120.49,34.68,102.345,11.4725,0.0228671,7.73842,-8.46962,2.08762
1,90,60,-120.49,34.68,108.485,21.9901,0.0455853,14.9761,-16.1022,7.7826
1.5,90.0001,59.9998,-120.49,34.68,118.458,32.5804,0.0682308,22.2463,-23.8029,17.1045
2,90.0002,59.9992,-120.49,34.68,132.299,43.2422,0.0907654,29.5463,-31.5736,30.069
2.5,90.0002,59.9978,-120.489,34.68,150.043,53.9746,0.113152,36.8734,-39.4157,46.6901
3,90.0003,59.9951,-120.489,34.68,171.727,64.7772,0.135352,44.225,-47.3309,66.9807
3.5,90.0004,59.9906,-120.489,34.68,197.387,75.6495,0.157332,51.5987,-55.3208,90.9525
4,90.0004,59.9837,-120.489,34.68,227.06,86.591,0.179057,58.9923,-63.3868,118.616
4.5,90.0004,59.9735,-120.488,34.68,260.786,97.6017,0.200497,66.4039,-71.5303,149.98
5,90.0004,59.959,-120.488,34.68,298.603,108.681,0.221623,73.8315,-79.7523,185.054
5.5,90.0002,59.9394,-120.488,34.68,340.551,119.828,0.242412,81.2733,-88.0525,223.845
6,90,59.9133,-120.487,34.68,386.668,131.041,0.262843,88.728,-96.4312,266.359
6.5,89.9997,59.8796,-120.487,34.68,436.995,142.32,0.282904,96.1949,-104.888,312.603
7,89.9992,59.8369,-120.486,34.68,491.569,153.665,0.302585,103.674,-113.423,362.582
7.5,89.9985,59.7836,-120.485,34.68,550.43,165.076,0.321886,111.165,-122.034,416.303
8,89.9977,59.718,-120.485,34.68,613.615,176.552,0.340807,118.67,-130.721,473.773
8.5,89.9966,59.6385,-120.484,34.68,681.163,188.093,0.35936,126.189,-139.482,534.996
9,89.9953,59.5431,-120.483,34.68,753.108,199.699,0.377566,133.725,-148.315,599.983
9.5,89.9937,59.4297,-120.483,34.68,829.487,211.362,0.395459,141.278,-157.208,668.741
10,89.9917,59.2962,-120.482,34.68,910.321,223.054,0.41308,148.837,-166.134,741.275
10.5,89.9894,59.1404,-120.481,34.68,995.624,234.769,0.430483,156.405,-175.083,817.589
11,89.9868,58.9599,-120.48,34.68,1085.4,246.499,0.447738,163.983,-184.041,897.688
11.5,89.9837,58.7521,-120.479,34.68,1179.66,258.235,0.464923,171.575,-192.995,981.577
12,89.9801,58.5144,-120.478,34.68,1278.4,269.969,0.482135,179.185,-201.929,1069.26
12.5,89.9761,58.2442,-120.477,34.68,1381.58,281.67,0.499513,186.811,-210.807,1160.76
13,89.9717,57.9387,-120.476,34.68,1489.19,293.314,0.517197,194.451,-219.594,1256.07
13.5,89.9667,57.595,-120.475,34.68,1601.16,304.886,0.535321,202.111,-228.268,1355.2
14,89.9611,57.2101,-120.474,34.68,1717.43,316.37,0.55403,209.795,-236.804,1458.16
14.5,89.9551,56.7811,-120.473,34.68,1837.93,327.752,0.573339,217.498,-245.185,1564.97
15,89.9485,56.305,-120.472,34.68,1962.59,339.016,0.593245,225.211,-253.399,1675.63
15.5,89.9414,55.7787,-120.47,34.68,2091.3,350.148,0.613897,232.942,-261.421,1790.14
16,89.9337,55.1991,-120.469,34.68,2223.98,361.204,0.635578,240.744,-269.278,1908.53
16.5,89.9256,54.5631,-120.468,34.6801,2360.55,372.224,0.658575,248.661,-276.98,2030.85
17,89.9169,53.8675,-120.466,34.6801,2500.93,383.204,0.683118,256.712,-284.507,2157.15
17.5,89.9078,53.1093,-120.465,34.6801,2645.02,394.141,0.709357,264.909,-291.839,2287.51
18,89.8982,52.2851,-120.464,34.6801,2792.74,405.08,0.737599,273.301,-298.992,2422.01
18.5,89.8882,51.3917,-120.462,34.6801,2943.99,416.121,0.768273,281.977,-306.015,2560.77
19,89.8778,50.426,-120.461,34.6801,3098.73,427.272,0.801565,290.958,-312.897,2703.94
19.5,89.8671,49.3844,-120.459,34.6801,3256.86,438.54,0.837763,300.272,-319.615,2851.68
20,89.8561,48.2637,-120.457,34.6801,3418.31,449.93,0.877206,309.95,-326.14,3004.16
20.5,89.8447,47.0602,-120.456,34.6801,3582.96,461.439,0.920411,320.033,-332.421,3161.57
21,89.8332,45.7706,-120.454,34.6801,3750.7,473.092,0.966778,330.485,-338.518,3324.11
21.5,89.8221,44.4659,-120.452,34.6801,3921.45,484.914,1.01591,341.287,-344.476,3491.95
22,89.8123,43.254,-120.45,34.6801,4095.15,496.923,1.06807,352.471,-350.279,3665.28
22.5,89.8039,42.1394,-120.448,34.6801,4271.69,509.158,1.12439,364.149,-355.861,3844.32
23,89.7966,41.126,-120.446,34.6801,4450.98,521.615,1.18416,376.262,-361.259,4029.31
23.5,89.7905,40.2177,-120.444,34.6801,4632.91,534.205,1.24684,388.718,-366.432,4220.42
24,89.7854,39.4184,-120.442,34.6801,4817.37,546.907,1.3119,401.463,-371.393,4417.84
24.5,89.7814,38.7323,-120.44,34.6801,5004.27,559.724,1.37882,414.459,-376.182,4621.67
25,89.7784,38.1633,-120.437,34.6801,5193.53,572.665,1.44709,427.671,-380.841,4832.05
25.5,89.7764,37.7155,-120.435,34.6801,5385.1,585.734,1.51614,441.059,-385.42,5049.07
26,89.7754,37.3932,-120.432,34.6801,5578.95,598.939,1.58538,454.584,-389.973,5272.81
26.5,89.7754,37.2004,-120.43,34.6801,5775.07,612.285,1.65416,468.202,-394.56,5503.32
27,89.7764,37.1413,-120.427,34.6802,5973.52,625.777,1.72178,481.866,-399.249,5740.65
27.5,89.7785,37.2203,-120.425,34.6802,6174.35,639.41,1.78749,495.519,-404.107,5984.79
28,89.7816,37.4415,-120.422,34.6802,6377.66,653.137,1.85039,509.075,-409.18,6235.72
28.5,89.7859,37.8091,-120.419,34.6802,6583.59,666.94,1.90929,522.435,-414.568,6493.36
29,89.7914,38.319,-120.416,34.6802,6792.25,680.848,1.96598,535.759,-420.134,6757.65
29.5,89.7964,38.7636,-120.413,34.6802,7003.75,694.867,2.02056,549.061,-425.874,7028.59
30,89.8003,39.049,-120.41,34.6802,7218.17,709.014,2.0723,562.299,-431.875,7306.15
30.5,89.8029,39.1713,-120.407,34.6802,7435.67,723.299,2.12075,575.45,-438.194,7590.28
31,89.8044,39.1262,-120.404,34.6802,7656.39,737.71,2.16731,588.618,-444.681,7880.97
31.5,89.8046,38.9096,-120.401,34.6802,7880.36,752.248,2.21293,601.875,-451.242,8178.25
32,89.8034,38.5174,-120.397,34.6802,8107.62,766.916,2.25852,615.296,-457.783,8482.17
32.5,89.8011,37.9457,-120.394,34.6803,8338.13,781.716,2.30504,628.959,-464.203,8792.84
33,89.7974,37.1905,-120.391,34.6803,8571.78,796.645,2.35388,642.968,-470.351,9110.41
33.5,89.7927,36.2479,-120.387,34.6803,8808.43,811.717,2.40502,657.333,-476.226,9435.05
34,89.7872,35.1803,-120.383,34.6803,9047.97,826.952,2.45757,672.004,-481.928,9766.93
34.5,89.7831,34.2747,-120.38,34.6803,9290.33,842.356,2.51143,686.979,-487.46,10106.2
35,89.7805,33.5679,-120.376,34.6803,9535.38,857.952,2.5678,702.366,-492.703,10453
35.5,89.7793,33.0635,-120.372,34.6803,9783,873.741,2.62567,718.095,-497.751,10807.6
36,89.7796,32.7651,-120.368,34.6803,10033.1,889.722,2.68353,734.057,-502.752,11170.1
36.5,89.7813,32.6762,-120.364,34.6803,10285.8,905.899,2.74011,750.166,-507.835,11540.6
37,89.7844,32.8003,-120.36,34.6804,10541,922.256,2.79377,766.297,-513.163,11919.1
37.5,89.789,33.1407,-120.356,34.6804,10799,938.796,2.84402,782.423,-518.79,12305.7
38,89.7949,33.6547,-120.351,34.6804,11059.8,955.535,2.89165,798.616,-524.643,12700.3
38.5,89.7997,34.0121,-120.347,34.6804,11323.7,972.494,2.93661,814.892,-530.741,13103
39,89.8032,34.1459,-120.343,34.6804,11590.6,989.693,2.97862,831.249,-537.13,13513.8
39.5,89.8051,34.0549,-120.338,34.6804,11860.8,1007.14,3.01779,847.705,-543.8,13932.8
40,89.8056,33.7379,-120.333,34.6804,12134.4,1024.83,3.05596,864.399,-550.536,14360
40.5,89.8047,33.1939,-120.329,34.6804,12411.3,1042.78,3.09489,881.47,-557.126,14795.6
41,89.8024,32.422,-120.324,34.6805,12691.5,1060.99,3.13445,898.922,-563.58,15239.9
41.5,89.7991,31.4846,-120.319,34.6805,12974.9,1079.47,3.17452,916.758,-569.903,15692.9
42,89.7972,30.7251,-120.314,34.6805,13261.4,1098.22,3.21502,934.984,-576.093,16154.9
42.5,89.7968,30.1959,-120.309,34.6805,13551,1117.26,3.25587,953.608,-582.148,16626.1
43,89.7979,29.8973,-120.303,34.6805,13843.5,1136.6,3.29683,972.626,-588.086,17106.6
43.5,89.8005,29.83,-120.298,34.6805,14139.1,1156.23,3.33581,991.898,-594.143,17596.7
44,89.8046,29.9943,-120.293,34.6806,14437.7,1176.17,3.37115,1011.31,-600.514,18096.4
44.5,89.8102,30.3905,-120.287,34.6806,14739.6,1196.43,3.40333,1030.93,-607.138,18605.8
45,89.8163,30.8532,-120.281,34.6806,15044.9,1217,3.43178,1050.7,-614.08,19125
45.5,89.821,31.0892,-120.276,34.6806,15353.7,1237.89,3.45671,1070.67,-621.307,19654.1
46,89.8243,31.0931,-120.27,34.6806,15666.2,1259.12,3.47824,1090.86,-628.797,20193.2
46.5,89.8263,30.8649,-120.264,34.6806,15982.6,1280.68,3.49697,1111.32,-636.469,20742.4
47,89.8268,30.4048,-120.258,34.6806,16302.7,1302.59,3.51466,1132.2,-644.089,21301.9
47.5,89.8261,29.7128,-120.251,34.6807,16626.6,1324.85,3.53108,1153.49,-651.673,21871.8
48,89.8246,28.8798,-120.245,34.6807,16954.3,1347.48,3.54673,1175.26,-659.135,22452.5
48.5,89.8245,28.2455,-120.239,34.6807,17285.8,1370.47,3.56134,1197.48,-666.485,23044.1
49,89.8258,27.8419,-120.232,34.6807,17620.8,1393.83,3.57415,1220.14,-673.801,23646.9
49.5,89.8285,27.6685,-120.225,34.6807,17959.5,1417.57,3.58474,1243.21,-681.121,24261
50,89.8327,27.7246,-120.218,34.6807,18302,1441.7,3.59135,1266.59,-688.659,24886.7
50.5,89.8383,28.0096,-120.211,34.6808,18648.2,1466.23,3.5936,1290.27,-696.452,25524.1
51,89.8451,28.4797,-120.204,34.6808,18998.5,1491.17,3.59065,1314.2,-704.599,26173.3
51.5,89.8511,28.7954,-120.197,34.6808,19352.9,1516.53,3.58224,1338.4,-713.118,26834.5
52,89.8557,28.885,-120.19,34.6808,19711.7,1542.3,3.56886,1362.9,-721.928,27507.7
52.5,89.8591,28.7495,-120.182,34.6808,20074.9,1568.51,3.55104,1387.78,-730.936,28193.3
53,89.8613,28.3901,-120.175,34.6808,20442.6,1595.16,3.52932,1413.1,-740.05,28891.3
53.5,89.8622,27.8082,-120.167,34.6809,20814.9,1622.27,3.50424,1438.92,-749.171,29602
54,89.8623,27.0571,-120.159,34.6809,21191.8,1649.84,3.4763,1465.3,-758.197,30325.7
54.5,89.8634,26.4671,-120.151,34.6809,21573.1,1677.9,3.44529,1492.26,-767.121,31062.6
55,89.8659,26.095,-120.143,34.6809,21958.9,1706.44,3.41032,1519.76,-776.035,31813.1
55.5,89.8697,25.9392,-120.135,34.6809,22349.1,1735.47,3.37044,1547.76,-785.042,32577.3
56,89.8748,25.9978,-120.126,34.6809,22743.9,1765.02,3.32466,1576.21,-794.25,33355.6
56.5,89.8813,26.2693,-120.117,34.6809,23143.4,1795.09,3.27202,1605.08,-803.772,34148.1
57,89.8888,26.7174,-120.109,34.681,23547.8,1825.67,3.21151,1634.3,-813.717,34955
57.5,89.8957,27.031,-120.1,34.681,23957.2,1856.79,3.14274,1663.88,-824.11,35776.5
58,89.9014,27.1372,-120.091,34.681,24371.9,1888.44,3.0661,1693.87,-834.862,36612.8
58.5,89.9061,27.0379,-120.081,34.681,24792.1,1920.65,2.982,1724.35,-845.872,37464
59,89.9097,26.7349,-120.072,34.681,25217.8,1953.42,2.89088,1755.37,-857.036,38330.6
59.5,89.9122,26.2301,-120.062,34.681,25649.2,1986.77,2.79314,1787.01,-868.245,39212.7
60,89.9139,25.5594,-120.052,34.681,26086.1,2020.73,2.68916,1819.34,-879.386,40110.6
60.5,89.9165,25.019,-120.042,34.681,26528.5,2055.29,2.57867,1852.39,-890.439,41024.8
61,89.9203,24.6745,-120.032,34.6811,26974.4,2062.1,2.42676,1860.4,-889.485,41950.9
61.5,89.9251,24.5161,-120.022,34.6811,27417.7,2057.83,2.26094,1858.38,-883.804,42876.6
62,89.9309,24.5307,-120.012,34.6811,27858.2,2053.73,2.09576,1856.48,-878.21,43801.2
62.5,89.9375,24.7063,-120.002,34.6811,28295.9,2049.77,1.93105,1854.7,-872.712,44724.9
63,89.945,25.0316,-119.992,34.6811,28730.9,2045.96,1.76674,1853.03,-867.312,45647.6
63.5,89.9527,25.3878,-119.982,34.6811,29163.2,2042.27,1.6024,1851.41,-862.067,46569.5
64,89.9597,25.6156,-119.972,34.6811,29593,2038.7,1.43842,1849.87,-856.902,47490.5
64.5,89.9659,25.7221,-119.962,34.6811,30020.1,2035.24,1.27483,1848.42,-851.8,48410.8
65,89.9715,25.7154,-119.952,34.6811,30444.8,2031.88,1.11168,1847.04,-846.747,49330.2
65.5,89.9766,25.6031,-119.942,34.6811,30866.9,2028.62,0.948978,1845.75,-841.731,50248.9
66,89.981,25.3921,-119.932,34.6811,31286.5,2025.45,0.786738,1844.53,-836.742,51167
66.5,89.985,25.0889,-119.922,34.6811,31703.6,2022.36,0.624962,1843.4,-831.77,52084.4
67,89.9885,24.6993,-119.912,34.6811,32118.3,2019.36,0.463639,1842.33,-826.81,53001.2
67.5,89.9915,24.229,-119.902,34.6811,32530.4,2016.42,0.302744,1841.33,-821.86,53917.4
68,89.9943,23.7062,-119.892,34.6811,32940.1,2013.56,0.142341,1840.41,-816.902,54833.1
68.5,89.9974,23.24,-119.882,34.6811,33347.3,2010.77,-0.0176497,1839.55,-811.942,55748.2
69,90.0008,22.8397,-119.872,34.6811,33752.1,2008.04,-0.177332,1838.75,-806.993,56663
69.5,90.0046,22.5011,-119.862,34.6811,34154.3,2005.37,-0.336742,1837.99,-802.056,57577.2
70,90.0088,22.2202,-119.852,34.6811,34554.1,2002.75,-0.495915,1837.27,-797.135,58491.1
70.5,90.0132,21.9934,-119.842,34.6811,34951.5,2000.18,-0.654884,1836.6,-792.229,59404.5
71,90.0179,21.8174,-119.832,34.6811,35346.4,1997.66,-0.813675,1835.96,-787.34,60317.6
71.5,90.0228,21.689,-119.822,34.6811,35738.8,1995.19,-0.97231,1835.36,-782.47,61230.2
72,90.028,21.6054,-119.812,34.6811,36128.8,1992.76,-1.13081,1834.78,-777.619,62142.6
72.5,90.0334,21.5638,-119.802,34.6811,36516.4,1990.38,-1.28918,1834.23,-772.786,63054.6
73,90.039,21.5617,-119.792,34.6811,36901.6,1988.03,-1.44745,1833.71,-767.972,63966.3
73.5,90.0448,21.5969,-119.782,34.6811,37284.4,1985.72,-1.60561,1833.2,-763.177,64877.7
74,90.0507,21.667,-119.772,34.6811,37664.8,1983.44,-1.76369,1832.72,-758.399,65788.7
74.5,90.0569,21.7703,-119.762,34.6811,38042.8,1981.2,-1.92168,1832.26,-753.639,66699.5
75,90.0632,21.9046,-119.752,34.6811,38418.4,1978.99,-2.0796,1831.82,-748.895,67610
75.5,90.0697,22.0683,-119.742,34.6811,38791.7,1976.82,-2.23743,1831.4,-744.165,68520.3
76,90.0762,22.2409,-119.732,34.6811,39162.6,1974.67,-2.39523,1830.99,-739.458,69430.3
76.5,90.0826,22.3881,-119.722,34.681,39531.1,1972.55,-2.55295,1830.59,-734.764,70340
77,90.0889,22.5105,-119.713,34.681,39897.4,1970.45,-2.7106,1830.21,-730.081,71249.5
77.5,90.095,22.6094,-119.703,34.681,40261.2,1968.38,-2.86817,1829.84,-725.408,72158.7
78,90.101,22.6862,-119.693,34.681,40622.8,1966.34,-3.02567,1829.48,-720.744,73067.7
78.5,90.1069,22.742,-119.683,34.681,40982,1964.31,-3.1831,1829.14,-716.088,73976.5
79,90.1127,22.7779,-119.673,34.681,41338.8,1962.32,-3.34045,1828.8,-711.439,74885.1
79.5,90.1184,22.795,-119.663,34.681,41693.4,1960.34,-3.49773,1828.48,-706.797,75793.5
80,90.124,22.7941,-119.653,34.6809,42045.6,1958.38,-3.65494,1828.17,-702.16,76701.6
80.5,90.1295,22.7763,-119.643,34.6809,42395.6,1956.45,-3.81207,1827.87,-697.528,77609.6
81,90.1349,22.7424,-119.633,34.6809,42743.2,1954.53,-3.96914,1827.58,-692.901,78517.3
81.5,90.1402,22.6931,-119.623,34.6809,43088.5,1952.63,-4.12615,1827.3,-688.277,79424.9
82,90.1454,22.6293,-119.613,34.6809,43431.4,1950.76,-4.28309,1827.03,-683.658,80332.3
82.5,90.1506,22.5517,-119.603,34.6809,43772.1,1948.9,-4.43997,1826.77,-679.042,81239.5
83,90.1557,22.4608,-119.594,34.6808,44110.5,1947.06,-4.59678,1826.52,-674.429,82146.5
83.5,90.1607,22.3575,-119.584,34.6808,44446.5,1945.23,-4.75354,1826.27,-669.819,83053.4
84,90.1657,22.2422,-119.574,34.6808,44780.3,1943.43,-4.91023,1826.03,-665.211,83960
84.5,90.1706,22.1155,-119.564,34.6808,45111.7,1941.64,-5.06687,1825.8,-660.605,84866.6
85,90.1755,21.9779,-119.554,34.6807,45440.9,1939.87,-5.22345,1825.57,-656,85772.9
85.5,90.1803,21.83,-119.544,34.6807,45767.7,1938.11,-5.37997,1825.35,-651.397,86679.1
86,90.185,21.6722,-119.534,34.6807,46092.3,1936.37,-5.53644,1825.14,-646.795,87585.2
86.5,90.1897,21.505,-119.524,34.6807,46414.5,1934.64,-5.69286,1824.94,-642.195,88491.1
87,90.1943,21.3287,-119.514,34.6806,46734.5,1932.93,-5.84922,1824.74,-637.595,89396.8
87.5,90.1989,21.1438,-119.505,34.6806,47052.1,1931.23,-6.00554,1824.54,-632.996,90302.5
88,90.2035,20.9507,-119.495,34.6806,47367.5,1929.55,-6.1618,1824.35,-628.398,91207.9
88.5,90.208,20.7497,-119.485,34.6806,47680.5,1927.89,-6.31802,1824.17,-623.801,92113.3
89,90.2125,20.5411,-119.475,34.6805,47991.3,1926.24,-6.4742,1823.99,-619.205,93018.5
89.5,90.217,20.3253,-119.465,34.6805,48299.7,1924.6,-6.63033,1823.81,-614.61,93923.5
90,90.2214,20.1024,-119.455,34.6805,48605.9,1922.97,-6.78641,1823.64,-610.015,94828.5
90.5,90.2258,19.8729,-119.445,34.6804,48909.7,1921.36,-6.94245,1823.47,-605.421,95733.3
91,90.2301,19.6369,-119.435,34.6804,49211.3,1919.77,-7.09846,1823.31,-600.828,96638
91.5,90.2345,19.3946,-119.426,34.6804,49510.6,1918.18,-7.25442,1823.15,-596.235,97542.6
92,90.2388,19.1465,-119.416,34.6803,49807.5,1916.61,-7.41034,1822.99,-591.643,98447
92.5,90.243,18.8925,-119.406,34.6803,50102.2,1915.05,-7.56622,1822.84,-587.051,99351.3
93,90.2473,18.6331,-119.396,34.6803,50394.6,1913.51,-7.72207,1822.69,-582.46,100256
93.5,90.2515,18.3683,-119.386,34.6802,50684.7,1911.98,-7.87788,1822.55,-577.87,101160
94,90.2557,18.0984,-119.376,34.6802,50972.4,1910.46,-8.03365,1822.4,-573.28,102064
94.5,90.2599,17.8235,-119.366,34.6802,51257.9,1908.96,-8.18939,1822.26,-568.691,102968
95,90.2641,17.5439,-119.357,34.6801,51541.1,1907.47,-8.3451,1822.13,-564.102,103871
95.5,90.2682,17.2597,-119.347,34.6801,51822,1905.99,-8.50077,1821.99,-559.513,104775
96,90.2723,16.971,-119.337,34.6801,52100.6,1904.52,-8.65641,1821.86,-554.926,105679
96.5,90.2765,16.6808,-119.327,34.68,52377,1903.06,-8.81201,1821.73,-550.337,106582
97,90.2806,16.3946,-119.317,34.68,52651,1901.62,-8.96758,1821.61,-545.749,107485
97.5,90.2848,16.1124,-119.307,34.6799,52922.7,1900.19,-9.12312,1821.48,-541.162,108389
98,90.289,15.8341,-119.297,34.6799,53192.1,1898.78,-9.27864,1821.36,-536.575,109292
98.5,90.2932,15.5596,-119.288,34.6799,53459.3,1897.37,-9.43412,1821.24,-531.989,110195
99,90.2974,15.2887,-119.278,34.6798,53724.1,1895.98,-9.58957,1821.12,-527.403,111098
99.5,90.3017,15.0213,-119.268,34.6798,53986.7,1894.6,-9.745,1821.01,-522.818,112001
100,90.3059,14.7573,-119.258,34.6797,54246.9,1893.23,-9.9004,1820.89,-518.233,112903
100.5,90.3102,14.4967,-119.248,34.6797,54504.9,1891.87,-10.0558,1820.78,-513.649,113806
101,90.3145,14.2392,-119.238,34.6796,54760.6,1890.53,-10.2111,1820.67,-509.065,114709
101.5,90.3189,13.9848,-119.228,34.6796,55014,1889.2,-10.3664,1820.56,-504.482,115611
102,90.3232,13.7335,-119.219,34.6795,55265.1,1887.88,-10.5217,1820.46,-499.899,116514
102.5,90.3276,13.4851,-119.209,34.6795,55513.9,1886.57,-10.677,1820.35,-495.317,117416
103,90.332,13.2395,-119.199,34.6794,55760.4,1885.27,-10.8322,1820.25,-490.736,118318
103.5,90.3363,12.9966,-119.189,34.6794,56004.6,1883.99,-10.9875,1820.15,-486.155,119220
104,90.3408,12.7564,-119.179,34.6793,56246.5,1882.71,-11.1427,1820.05,-481.574,120122
104.5,90.3452,12.5188,-119.169,34.6793,56486.2,1881.45,-11.2978,1819.95,-476.994,121024
105,90.3496,12.2837,-119.159,34.6792,56723.5,1880.21,-11.453,1819.85,-472.414,121926
105.5,90.3541,12.051,-119.15,34.6792,56958.6,1878.97,-11.6081,1819.76,-467.835,122828
106,90.3585,11.8207,-119.14,34.6791,57191.4,1877.75,-11.7632,1819.67,-463.256,123730
106.5,90.363,11.5926,-119.13,34.6791,57421.8,1876.53,-11.9183,1819.57,-458.678,124632
107,90.3675,11.3668,-119.12,34.679,57650,1875.33,-12.0734,1819.48,-454.1,125533
107.5,90.372,11.1432,-119.11,34.679,57875.9,1874.14,-12.2284,1819.39,-449.523,126435
108,90.3765,10.9216,-119.1,34.6789,58099.6,1872.97,-12.3835,1819.31,-444.946,127336
108.5,90.381,10.7021,-119.091,34.6789,58320.9,1871.8,-12.5385,1819.22,-440.369,128238
109,90.3855,10.4846,-119.081,34.6788,58539.9,1870.65,-12.6935,1819.13,-435.793,129139
109.5,90.3901,10.269,-119.071,34.6788,58756.7,1869.51,-12.8484,1819.05,-431.217,130040
110,90.3946,10.0552,-119.061,34.6787,58971.1,1868.38,-13.0034,1818.97,-426.642,130941
110.5,90.3992,9.84333,-119.051,34.6786,59183.3,1867.26,-13.1583,1818.88,-422.067,131842
111,90.4037,9.63321,-119.041,34.6786,59393.2,1866.15,-13.3132,1818.8,-417.493,132743
111.5,90.4083,9.42481,-119.032,34.6785,59600.8,1865.06,-13.4681,1818.72,-412.919,133644
112,90.4129,9.21809,-119.022,34.6785,59806.1,1863.98,-13.623,1818.65,-408.346,134545
112.5,90.4175,9.01301,-119.012,34.6784,60009.1,1862.91,-13.7779,1818.57,-403.773,135446
113,90.4221,8.80953,-119.002,34.6783,60209.9,1861.85,-13.9327,1818.49,-399.2,136347
113.5,90.4267,8.6076,-118.992,34.6783,60408.3,1860.8,-14.0875,1818.42,-394.628,137247
114,90.4313,8.40718,-118.982,34.6782,60604.5,1859.76,-14.2423,1818.34,-390.056,138148
114.5,90.4359,8.20824,-118.973,34.6781,60798.4,1858.74,-14.3971,1818.27,-385.485,139049
115,90.4406,8.01074,-118.963,34.6781,60990,1857.73,-14.5519,1818.2,-380.914,139949
115.5,90.4452,7.81464,-118.953,34.678,61179.3,1856.73,-14.7067,1818.13,-376.344,140850
116,90.4499,7.61991,-118.943,34.678,61366.3,1855.74,-14.8614,1818.06,-371.774,141750
116.5,90.4545,7.42651,-118.933,34.6779,61551.1,1854.77,-15.0162,1817.99,-367.204,142650
117,90.4592,7.23442,-118.924,34.6778,61733.5,1853.8,-15.1709,1817.92,-362.635,143550
117.5,90.4638,7.04359,-118.914,34.6777,61913.7,1852.85,-15.3256,1817.86,-358.066,144451
118,90.4685,6.85401,-118.904,34.6777,62091.6,1851.91,-15.4803,1817.79,-353.498,145351
118.5,90.4732,6.66564,-118.894,34.6776,62267.2,1850.98,-15.635,1817.73,-348.93,146251
119,90.4779,6.47845,-118.884,34.6775,62440.5,1850.06,-15.7897,1817.66,-344.362,147151
119.5,90.4826,6.29242,-118.874,34.6775,62611.6,1849.16,-15.9443,1817.6,-339.795,148051
120,90.4873,6.10753,-118.865,34.6774,62780.3,1848.26,-16.099,1817.54,-335.227,148951
120.5,90.492,5.92373,-118.855,34.6773,62946.8,1847.38,-16.2536,1817.48,-330.661,149851
121,90.4967,5.74102,-118.845,34.6773,63111,1846.51,-16.4083,1817.42,-326.094,150751
121.5,90.5014,5.55936,-118.835,34.6772,63272.9,1845.65,-16.5629,1817.36,-321.528,151650
122,90.5061,5.37874,-118.825,34.6771,63432.5,1844.81,-16.7175,1817.3,-316.962,152550
122.5,90.5108,5.19913,-118.816,34.677,63589.8,1843.97,-16.8721,1817.24,-312.397,153450
123,90.5155,5.02052,-118.806,34.677,63744.9,1843.15,-17.0266,1817.18,-307.832,154349
123.5,90.5203,4.84287,-118.796,34.6769,63897.7,1842.34,-17.1812,1817.13,-303.267,155249
124,90.525,4.66617,-118.786,34.6768,64048.2,1841.54,-17.3358,1817.07,-298.702,156148
124.5,90.5297,4.49041,-118.776,34.6767,64196.4,1840.76,-17.4903,1817.02,-294.138,157048
125,90.5345,4.31556,-118.766,34.6766,64342.3,1839.98,-17.6449,1816.97,-289.574,157947
125.5,90.5392,4.1416,-118.757,34.6766,64486,1839.22,-17.7994,1816.91,-285.01,158847
126,90.544,3.96852,-118.747,34.6765,64627.3,1838.47,-17.9539,1816.86,-280.447,159746
126.5,90.5487,3.7963,-118.737,34.6764,64766.4,1837.73,-18.1084,1816.81,-275.884,160645
127,90.5535,3.62492,-118.727,34.6763,64903.2,1837,-18.2629,1816.76,-271.321,161544
127.5,90.5583,3.45438,-118.717,34.6762,65037.7,1836.28,-18.4174,1816.71,-266.759,162444
128,90.563,3.28464,-118.708,34.6762,65170,1835.58,-18.5719,1816.66,-262.197,163343
128.5,90.5678,3.11571,-118.698,34.6761,65299.9,1834.89,-18.7264,1816.61,-257.635,164242
129,90.5726,2.94756,-118.688,34.676,65427.6,1834.21,-18.8809,1816.57,-253.073,165141
129.5,90.5774,2.78018,-118.678,34.6759,65553,1833.54,-19.0353,1816.52,-248.512,166040
130,90.5821,2.61355,-118.668,34.6758,65676.1,1832.88,-19.1898,1816.48,-243.951,166939
130.5,90.5869,2.44768,-118.658,34.6757,65796.9,1832.24,-19.3443,1816.43,-239.39,167838
131,90.5917,2.28253,-118.649,34.6756,65915.5,1831.61,-19.4987,1816.39,-234.829,168737
131.5,90.5965,2.1181,-118.639,34.6756,66031.8,1830.99,-19.6532,1816.34,-230.269,169636
132,90.6013,1.95439,-118.629,34.6755,66145.8,1830.38,-19.8076,1816.3,-225.709,170535
132.5,90.6061,1.79137,-118.619,34.6754,66257.5,1829.78,-19.962,1816.26,-221.149,171433
133,90.6109,1.62904,-118.609,34.6753,66366.9,1829.2,-20.1165,1816.22,-216.589,172332
133.5,90.6157,1.46738,-118.6,34.6752,66474.1,1828.63,-20.2709,1816.18,-212.03,173231
134,90.6205,1.30639,-118.59,34.6751,66578.9,1828.06,-20.4253,1816.14,-207.47,174130
134.5,90.6253,1.14606,-118.58,34.675,66681.5,1827.52,-20.5797,1816.1,-202.911,175028
135,90.6301,0.986373,-118.57,34.6749,66781.8,1826.98,-20.7341,1816.06,-198.353,175927
135.5,90.6349,0.827326,-118.56,34.6748,66879.9,1826.45,-20.8885,1816.02,-193.794,176826
136,90.6397,0.668908,-118.551,34.6747,66975.6,1825.94,-21.0429,1815.99,-189.236,177724
136.5,90.6446,0.511111,-118.541,34.6747,67069.1,1825.44,-21.1973,1815.95,-184.677,178623
137,90.6494,0.353928,-118.531,34.6746,67160.3,1824.95,-21.3517,1815.92,-180.119,179521
137.5,90.6542,0.197349,-118.521,34.6745,67249.2,1824.48,-21.5061,1815.88,-175.562,180420
138,90.659,0.0413678,-118.511,34.6744,67335.9,1824.01,-21.6605,1815.85,-171.004,181318
138.5,90.6639,-0.114023,-118.502,34.6743,67420.2,1823.56,-21.8149,1815.82,-166.447,182217
139,90.6687,-0.26883,-118.492,34.6742,67502.3,1823.12,-21.9693,1815.78,-161.889,183115
139.5,90.6735,-0.423061,-118.482,34.6741,67582.1,1822.69,-22.1236,1815.75,-157.332,184013
140,90.6784,-0.576722,-118.472,34.674,67659.6,1822.27,-22.278,1815.72,-152.775,184912
140.5,90.6832,-0.729819,-118.462,34.6739,67734.9,1821.87,-22.4324,1815.69,-148.218,185810
141,90.6881,-0.882358,-118.453,34.6738,67807.9,1821.48,-22.5868,1815.66,-143.662,186708
141.5,90.6929,-1.03434,-118.443,34.6737,67878.6,1821.09,-22.7411,1815.63,-139.105,187607
142,90.6978,-1.18579,-118.433,34.6736,67947,1820.73,-22.8955,1815.6,-134.549,188505
142.5,90.7026,-1.33668,-118.423,34.6735,68013.1,1820.37,-23.0499,1815.58,-129.993,189403
143,90.7075,-1.48705,-118.413,34.6734,68077,1820.03,-23.2043,1815.55,-125.437,190301
143.5,90.7123,-1.63688,-118.404,34.6733,68138.5,1819.69,-23.3587,1815.52,-120.881,191200
144,90.7172,-1.78618,-118.394,34.6732,68197.8,1819.37,-23.513,1815.5,-116.325,192098
144.5,90.722,-1.93496,-118.384,34.673,68254.9,1819.06,-23.6674,1815.47,-111.77,192996
145,90.7269,-2.08323,-118.374,34.6729,68309.6,1818.77,-23.8218,1815.45,-107.214,193894
145.5,90.7317,-2.23098,-118.364,34.6728,68362.1,1818.48,-23.9762,1815.42,-102.659,194792
146,90.7366,-2.37822,-118.355,34.6727,68412.3,1818.21,-24.1305,1815.4,-98.1034,195690
146.5,90.7415,-2.52495,-118.345,34.6726,68460.2,1817.95,-24.2849,1815.38,-93.5483,196588
147,90.7463,-2.67118,-118.335,34.6725,68505.8,1817.7,-24.4393,1815.36,-88.9932,197487
147.5,90.7512,-2.81691,-118.325,34.6724,68549.2,1817.47,-24.5937,1815.34,-84.4382,198385
148,90.7561,-2.96214,-118.315,34.6723,68590.3,1817.24,-24.7481,1815.32,-79.8834,199283
148.5,90.761,-3.10688,-118.306,34.6722,68629.1,1817.03,-24.9025,1815.3,-75.3286,200181
149,90.7658,-3.25113,-118.296,34.6721,68665.6,1816.83,-25.0569,1815.28,-70.7739,201079
149.5,90.7707,-3.39489,-118.286,34.672,68699.8,1816.64,-25.2113,1815.26,-66.2193,201977
150,90.7756,-3.53817,-118.276,34.6718,68731.8,1816.47,-25.3657,1815.24,-61.6648,202875
150.5,90.7805,-3.68096,-118.266,34.6717,68761.5,1816.3,-25.5201,1815.23,-57.1103,203773
151,90.7854,-3.82327,-118.257,34.6716,68788.9,1816.15,-25.6745,1815.21,-52.5559,204671
151.5,90.7902,-3.96509,-118.247,34.6715,68814.1,1816.01,-25.8289,1815.19,-48.0016,205569
152,90.7951,-4.10644,-118.237,34.6714,68836.9,1815.88,-25.9833,1815.18,-43.4474,206466
152.5,90.8,-4.24732,-118.227,34.6713,68857.5,1815.77,-26.1377,1815.16,-38.8932,207364
153,90.8049,-4.38771,-118.217,34.6712,68875.8,1815.66,-26.2921,1815.15,-34.339,208262
153.5,90.8098,-4.52764,-118.208,34.671,68891.8,1815.57,-26.4466,1815.14,-29.7849,209160
154,90.8147,-4.66709,-118.198,34.6709,68905.6,1815.49,-26.601,1815.12,-25.2309,210058
154.5,90.8196,-4.80607,-118.188,34.6708,68917.1,1815.43,-26.7554,1815.11,-20.6769,210956
155,90.8245,-4.94458,-118.178,34.6707,68926.3,1815.37,-26.9099,1815.1,-16.123,211854
155.5,90.8294,-5.08261,-118.168,34.6706,68933.2,1815.33,-27.0643,1815.09,-11.569,212752
156,90.8343,-5.22018,-118.159,34.6704,68937.8,1815.3,-27.2188,1815.08,-7.01514,213650
156.5,90.8392,-5.35728,-118.149,34.6703,68940.2,1815.28,-27.3732,1815.07,-2.46127,214548
157,90.8441,-5.49391,-118.139,34.6702,68940.3,1815.27,-27.5277,1815.06,2.09257,215445
157.5,90.849,-5.63007,-118.129,34.6701,68938.1,1815.28,-27.6822,1815.05,6.64639,216343
158,90.8539,-5.76575,-118.119,34.6699,68933.7,1815.29,-27.8367,1815.05,11.2002,217241
158.5,90.8588,-5.90097,-118.11,34.6698,68926.9,1815.32,-27.9912,1815.04,15.754,218139
159,90.8637,-6.03572,-118.1,34.6697,68917.9,1815.36,-28.1457,1815.03,20.3078,219037
159.5,90.8687,-6.17,-118.09,34.6696,68906.6,1815.42,-28.3002,1815.03,24.8616,219935
160,90.8736,-6.3038,-118.08,34.6694,68893,1815.48,-28.4547,1815.02,29.4153,220833
160.5,90.8785,-6.43713,-118.07,34.6693,68877.2,1815.56,-28.6092,1815.02,33.9691,221731
161,90.8834,-6.56999,-118.061,34.6692,68859.1,1815.65,-28.7637,1815.01,38.5229,222628
161.5,90.8883,-6.70238,-118.051,34.6691,68838.7,1815.75,-28.9183,1815.01,43.0767,223526
162,90.8933,-6.83428,-118.041,34.6689,68816,1815.86,-29.0728,1815.01,47.6305,224424
162.5,90.8982,-6.96571,-118.031,34.6688,68791,1815.99,-29.2274,1815,52.1844,225322
163,90.9031,-7.09666,-118.021,34.6687,68763.8,1816.13,-29.3819,1815,56.7382,226220
163.5,90.908,-7.22713,-118.012,34.6685,68734.3,1816.28,-29.5365,1815,61.2921,227118
164,90.913,-7.35711,-118.002,34.6684,68702.5,1816.44,-29.6911,1815,65.846,228016
164.5,90.9179,-7.48661,-117.992,34.6683,68668.5,1816.61,-29.8457,1815,70.3999,228914
165,90.9228,-7.61562,-117.982,34.6681,68632.1,1816.8,-30.0003,1815,74.9539,229812
165.5,90.9278,-7.74413,-117.973,34.668,68593.5,1816.99,-30.1549,1815,79.5079,230709
166,90.9327,-7.87216,-117.963,34.6679,68552.6,1817.2,-30.3095,1815.01,84.062,231607
166.5,90.9377,-7.99969,-117.953,34.6677,68509.4,1817.43,-30.4641,1815.01,88.6161,232505
167,90.9426,-8.12672,-117.943,34.6676,68464,1817.66,-30.6188,1815.01,93.1702,233403
167.5,90.9475,-8.25324,-117.933,34.6675,68416.3,1817.9,-30.7734,1815.02,97.7244,234301
168,90.9525,-8.37926,-117.924,34.6673,68366.3,1818.16,-30.9281,1815.02,102.279,235199
168.5,90.9574,-8.50477,-117.914,34.6672,68314,1818.43,-31.0828,1815.02,106.833,236097
169,90.9624,-8.62977,-117.904,34.6671,68259.4,1818.71,-31.2375,1815.03,111.387,236995
169.5,90.9673,-8.75425,-117.894,34.6669,68202.6,1819.01,-31.3922,1815.04,115.942,237893
170,90.9723,-8.8782,-117.884,34.6668,68143.5,1819.31,-31.5469,1815.04,120.496,238791
170.5,90.9773,-9.00163,-117.875,34.6666,68082.1,1819.63,-31.7016,1815.05,125.051,239689
171,90.9822,-9.12453,-117.865,34.6665,68018.4,1819.96,-31.8564,1815.06,129.606,240587
171.5,90.9872,-9.2469,-117.855,34.6663,67952.5,1820.3,-32.0111,1815.07,134.16,241485
172,90.9921,-9.36872,-117.845,34.6662,67884.3,1820.65,-32.1659,1815.07,138.715,242383
172.5,90.9971,-9.49,-117.835,34.6661,67813.8,1821.02,-32.3207,1815.08,143.27,243281
173,91.0021,-9.61072,-117.826,34.6659,67741,1821.39,-32.4755,1815.09,147.825,244179
173.5,91.007,-9.73089,-117.816,34.6658,67666,1821.78,-32.6303,1815.1,152.38,245078
174,91.012,-9.85049,-117.806,34.6656,67588.6,1822.18,-32.7851,1815.11,156.935,245976
174.5,91.017,-9.96953,-117.796,34.6655,67509,1822.59,-32.9399,1815.13,161.491,246874
175,91.022,-10.088,-117.786,34.6653,67427.1,1823.02,-33.0948,1815.14,166.046,247772
175.5,91.0269,-10.2059,-117.777,34.6652,67343,1823.45,-33.2496,1815.15,170.602,248670
176,91.0319,-10.3232,-117.767,34.665,67256.5,1823.9,-33.4045,1815.16,175.157,249568
176.5,91.0369,-10.4398,-117.757,34.6649,67167.8,1824.36,-33.5594,1815.18,179.713,250467
177,91.0419,-10.5559,-117.747,34.6647,67076.8,1824.83,-33.7143,1815.19,184.269,251365
177.5,91.0469,-10.6714,-117.737,34.6646,66983.6,1825.32,-33.8692,1815.21,188.825,252263
178,91.0519,-10.7863,-117.728,34.6644,66888,1825.81,-34.0241,1815.22,193.381,253161
178.5,91.0569,-10.9005,-117.718,34.6643,66790.2,1826.32,-34.1791,1815.24,197.937,254060
179,91.0619,-11.0141,-117.708,34.6641,66690.1,1826.84,-34.3341,1815.25,202.493,254958
179.5,91.0669,-11.127,-117.698,34.664,66587.7,1827.37,-34.489,1815.27,207.049,255856
180,91.0719,-11.2393,-117.688,34.6638,66483,1827.91,-34.644,1815.29,211.606,256755
180.5,91.0769,-11.3509,-117.679,34.6637,66376.1,1828.46,-34.799,1815.3,216.163,257653
181,91.0819,-11.4619,-117.669,34.6635,66266.9,1829.03,-34.9541,1815.32,220.719,258552
181.5,91.0869,-11.5721,-117.659,34.6634,66155.4,1829.6,-35.1091,1815.34,225.276,259450
182,91.0919,-11.6817,-117.649,34.6632,66041.6,1830.19,-35.2642,1815.36,229.833,260348
182.5,91.0969,-11.7906,-117.639,34.663,65925.5,1830.79,-35.4192,1815.38,234.391,261247
183,91.1019,-11.8987,-117.63,34.6629,65807.2,1831.4,-35.5743,1815.4,238.948,262146
183.5,91.107,-12.0061,-117.62,34.6627,65686.6,1832.03,-35.7294,1815.42,243.505,263044
184,91.112,-12.1128,-117.61,34.6626,65563.7,1832.66,-35.8846,1815.44,248.063,263943
184.5,91.117,-12.2187,-117.6,34.6624,65438.5,1833.31,-36.0397,1815.46,252.621,264841
185,91.1221,-12.3238,-117.59,34.6622,65311.1,1833.97,-36.1949,1815.49,257.178,265740
185.5,91.1271,-12.4282,-117.581,34.6621,65181.3,1834.64,-36.35,1815.51,261.736,266639
186,91.1321,-12.5317,-117.571,34.6619,65049.3,1835.32,-36.5052,1815.53,266.295,267537
186.5,91.1372,-12.6345,-117.561,34.6618,64915,1836.01,-36.6604,1815.55,270.853,268436
187,91.1422,-12.7364,-117.551,34.6616,64778.5,1836.72,-36.8157,1815.58,275.411,269335
187.5,91.1473,-12.8375,-117.541,34.6614,64639.6,1837.43,-36.9709,1815.6,279.97,270234
188,91.1523,-12.9377,-117.532,34.6613,64498.5,1838.16,-37.1262,1815.63,284.529,271133
188.5,91.1574,-13.0371,-117.522,34.6611,64355.1,1838.9,-37.2814,1815.65,289.087,272031
189,91.1625,-13.1355,-117.512,34.6609,64209.4,1839.65,-37.4367,1815.68,293.646,272930
189.5,91.1675,-13.2331,-117.502,34.6608,64061.5,1840.41,-37.5921,1815.7,298.206,273829
190,91.1726,-13.3297,-117.492,34.6606,63911.2,1841.19,-37.7474,1815.73,302.765,274728
190.5,91.1777,-13.4253,-117.483,34.6604,63758.7,1841.97,-37.9027,1815.76,307.324,275627
191,91.1827,-13.52,-117.473,34.6603,63603.9,1842.77,-38.0581,1815.78,311.884,276526
191.5,91.1878,-13.6138,-117.463,34.6601,63446.8,1843.57,-38.2135,1815.81,316.444,277425
192,91.1929,-13.7065,-117.453,34.6599,63287.5,1844.39,-38.3689,1815.84,321.004,278325
192.5,91.198,-13.7981,-117.443,34.6597,63125.8,1845.22,-38.5243,1815.87,325.564,279224
193,91.2031,-13.8888,-117.433,34.6596,62961.9,1846.06,-38.6797,1815.9,330.124,280123
193.5,91.2082,-13.9783,-117.424,34.6594,62795.7,1846.92,-38.8352,1815.92,334.685,281022
194,91.2133,-14.0667,-117.414,34.6592,62627.2,1847.78,-38.9906,1815.95,339.246,281921
194.5,91.2184,-14.1541,-117.404,34.659,62456.4,1848.66,-39.1461,1815.98,343.806,282821
195,91.2236,-14.2402,-117.394,34.6589,62283.4,1849.54,-39.3016,1816.01,348.367,283720
195.5,91.2287,-14.3252,-117.384,34.6587,62108.1,1850.44,-39.4571,1816.04,352.929,284620
196,91.2338,-14.409,-117.375,34.6585,61930.5,1851.35,-39.6127,1816.07,357.49,285519
196.5,91.239,-14.4915,-117.365,34.6583,61750.6,1852.27,-39.7682,1816.1,362.051,286418
197,91.2441,-14.5728,-117.355,34.6582,61568.4,1853.2,-39.9238,1816.13,366.613,287318
197.5,91.2492,-14.6528,-117.345,34.658,61384,1854.14,-40.0794,1816.17,371.175,288218
198,91.2544,-14.7314,-117.335,34.6578,61197.3,1855.09,-40.235,1816.2,375.737,289117
198.5,91.2596,-14.8087,-117.326,34.6576,61008.2,1856.06,-40.3906,1816.23,380.299,290017
199,91.2647,-14.8846,-117.316,34.6574,60817,1857.03,-40.5463,1816.26,384.861,290917
199.5,91.2699,-14.9591,-117.306,34.6573,60623.4,1858.02,-40.7019,1816.29,389.423,291816
200,91.2751,-15.032,-117.296,34.6571,60427.5,1859.01,-40.8576,1816.32,393.986,292716
200.5,91.2803,-15.1035,-117.286,34.6569,60229.4,1860.02,-41.0133,1816.36,398.548,293616
201,91.2855,-15.1735,-117.276,34.6567,60029,1861.04,-41.169,1816.39,403.111,294516
201.5,91.2907,-15.2418,-117.267,34.6565,59826.3,1862.07,-41.3247,1816.42,407.673,295416
202,91.2959,-15.3085,-117.257,34.6564,59621.3,1863.11,-41.4804,1816.45,412.236,296316
202.5,91.3011,-15.3736,-117.247,34.6562,59414.1,1864.16,-41.6361,1816.49,416.799,297216
203,91.3063,-15.4369,-117.237,34.656,59204.5,1865.22,-41.7919,1816.52,421.362,298116
203.5,91.3116,-15.4985,-117.227,34.6558,58992.7,1866.29,-41.9477,1816.55,425.925,299016
204,91.3168,-15.5582,-117.218,34.6556,58778.6,1867.37,-42.1035,1816.59,430.488,299916
204.5,91.3221,-15.6161,-117.208,34.6554,58562.2,1868.46,-42.2593,1816.62,435.051,300816
205,91.3274,-15.6721,-117.198,34.6552,58343.5,1869.57,-42.4151,1816.65,439.613,301717
205.5,91.3326,-15.7261,-117.188,34.655,58122.6,1870.68,-42.5709,1816.69,444.176,302617
206,91.3379,-15.778,-117.178,34.6548,57899.4,1871.81,-42.7267,1816.72,448.739,303517
206.5,91.3432,-15.8279,-117.168,34.6547,57673.9,1872.94,-42.8826,1816.75,453.302,304418
207,91.3485,-15.8756,-117.159,34.6545,57446.1,1874.09,-43.0385,1816.78,457.865,305318
207.5,91.3538,-15.9211,-117.149,34.6543,57216,1875.24,-43.1943,1816.82,462.428,306219
208,91.3592,-15.9644,-117.139,34.6541,56983.6,1876.41,-43.3502,1816.85,466.991,307119
208.5,91.3645,-16.0053,-117.129,34.6539,56749,1877.58,-43.5061,1816.88,471.554,308020
209,91.3699,-16.0438,-117.119,34.6537,56512.1,1878.77,-43.662,1816.92,476.117,308920
209.5,91.3752,-16.0798,-117.11,34.6535,56272.9,1879.97,-43.8179,1816.95,480.679,309821
210,91.3806,-16.1132,-117.1,34.6533,56031.4,1881.17,-43.9738,1816.98,485.242,310722
210.5,91.386,-16.144,-117.09,34.6531,55787.7,1882.39,-44.1298,1817.01,489.804,311623
211,91.3914,-16.1721,-117.08,34.6529,55541.6,1883.61,-44.2857,1817.04,494.367,312524
211.5,91.3968,-16.1973,-117.07,34.6527,55293.3,1884.85,-44.4416,1817.07,498.929,313425
212,91.4022,-16.2197,-117.06,34.6525,55042.7,1886.1,-44.5976,1817.1,503.491,314325
212.5,91.4077,-16.2391,-117.051,34.6523,54789.8,1887.35,-44.7535,1817.14,508.052,315227
213,91.4132,-16.2554,-117.041,34.6521,54534.6,1888.62,-44.9095,1817.17,512.613,316128
213.5,91.4186,-16.2685,-117.031,34.6519,54277.2,1889.89,-45.0654,1817.19,517.174,317029
214,91.4241,-16.2784,-117.021,34.6517,54017.5,1891.18,-45.2214,1817.22,521.734,317930
214.5,91.4296,-16.2848,-117.011,34.6515,53755.5,1892.47,-45.3773,1817.25,526.294,318831
215,91.4352,-16.2878,-117.001,34.6513,53491.2,1893.78,-45.5333,1817.28,530.853,319732
215.5,91.4407,-16.2902,-116.992,34.6511,53224.6,1895.09,-45.6892,1817.31,535.413,320634
216,91.4462,-16.2963,-116.982,34.6509,52955.8,1896.41,-45.8452,1817.33,539.972,321535
216.5,91.4517,-16.3063,-116.972,34.6507,52684.6,1897.74,-46.0011,1817.36,544.53,322437
217,91.4572,-16.3202,-116.962,34.6505,52411.2,1899.08,-46.157,1817.39,549.088,323338
217.5,91.4627,-16.3383,-116.952,34.6503,52135.6,1900.43,-46.3129,1817.41,553.644,324240
218,91.4681,-16.3606,-116.942,34.6501,51857.6,1901.79,-46.4689,1817.43,558.2,325141
218.5,91.4735,-16.3873,-116.933,34.6499,51577.4,1903.16,-46.6248,1817.46,562.756,326043
219,91.4789,-16.4186,-116.923,34.6497,51294.8,1904.53,-46.7807,1817.48,567.31,326945
219.5,91.4843,-16.4545,-116.913,34.6494,51010.1,1905.92,-46.9365,1817.5,571.864,327846
220,91.4896,-16.4954,-116.903,34.6492,50723,1907.31,-47.0924,1817.52,576.416,328748
220.5,91.495,-16.5413,-116.893,34.649,50433.6,1908.71,-47.2482,1817.53,580.968,329650
221,91.5003,-16.5925,-116.883,34.6488,50142,1910.12,-47.404,1817.55,585.518,330552
221.5,91.5055,-16.6491,-116.874,34.6486,49848.1,1911.54,-47.5598,1817.56,590.068,331454
222,91.5108,-16.7115,-116.864,34.6484,49552,1912.96,-47.7155,1817.58,594.616,332356
222.5,91.516,-16.7797,-116.854,34.6482,49253.5,1914.4,-47.8712,1817.59,599.163,333258
223,91.5212,-16.854,-116.844,34.648,48952.8,1915.84,-48.0269,1817.6,603.709,334160
223.5,91.5263,-16.9347,-116.834,34.6477,48649.8,1917.28,-48.1825,1817.6,608.253,335062
224,91.5314,-17.0221,-116.824,34.6475,48344.5,1918.74,-48.3381,1817.61,612.797,335965
224.5,91.5365,-17.1163,-116.815,34.6473,48037,1920.2,-48.4936,1817.61,617.338,336867
225,91.5416,-17.2177,-116.805,34.6471,47727.2,1921.67,-48.6491,1817.61,621.879,337769
225.5,91.5466,-17.3266,-116.795,34.6469,47415.1,1923.15,-48.8045,1817.61,626.417,338671
226,91.5515,-17.4433,-116.785,34.6467,47100.8,1924.63,-48.9598,1817.61,630.954,339574
226.5,91.5565,-17.568,-116.775,34.6464,46784.2,1926.12,-49.1151,1817.6,635.49,340476
227,91.5613,-17.7013,-116.765,34.6462,46465.3,1927.61,-49.2702,1817.59,640.023,341379
227.5,91.5662,-17.8434,-116.756,34.646,46144.2,1929.11,-49.4253,1817.57,644.555,342281
228,91.571,-17.9948,-116.746,34.6458,45820.8,1930.61,-49.5803,1817.55,649.085,343184
228.5,91.5757,-18.156,-116.736,34.6456,45495.1,1932.12,-49.7351,1817.53,653.613,344086
229,91.5804,-18.3273,-116.726,34.6453,45167.1,1933.63,-49.8898,1817.5,658.139,344989
229.5,91.585,-18.5092,-116.716,34.6451,44836.9,1935.15,-50.0444,1817.47,662.663,345892
230,91.5896,-18.7024,-116.706,34.6449,44504.5,1936.67,-50.1989,1817.43,667.185,346794
230.5,91.5941,-18.9073,-116.697,34.6447,44169.8,1938.2,-50.3532,1817.39,671.705,347697
231,91.5985,-19.1244,-116.687,34.6444,43832.8,1939.73,-50.5073,1817.34,676.222,348600
231.5,91.6029,-19.3545,-116.677,34.6442,43493.5,1941.26,-50.6612,1817.28,680.738,349503
232,91.6072,-19.5982,-116.667,34.644,43152,1942.79,-50.8149,1817.22,685.252,350405
232.5,91.6114,-19.8561,-116.657,34.6438,42808.3,1944.32,-50.9684,1817.15,689.764,351308
233,91.6155,-20.129,-116.647,34.6435,42462.3,1945.86,-51.1216,1817.07,694.274,352211
233.5,91.6196,-20.4176,-116.637,34.6433,42114,1947.39,-51.2746,1816.98,698.783,353114
234,91.6236,-20.7228,-116.628,34.6431,41763.5,1948.93,-51.4272,1816.88,703.291,354017
234.5,91.6274,-21.0455,-116.618,34.6428,41410.7,1950.46,-51.5795,1816.78,707.798,354920
235,91.6312,-21.3866,-116.608,34.6426,41055.7,1952,-51.7315,1816.66,712.304,355822
235.5,91.6349,-21.7302,-116.598,34.6424,40698.4,1953.53,-51.8831,1816.53,716.806,356725
236,91.6387,-22.0534,-116.588,34.6421,40338.9,1955.06,-52.0343,1816.38,721.306,357628
236.5,91.6426,-22.355,-116.578,34.6419,39977.1,1956.58,-52.185,1816.23,725.805,358531
237,91.6467,-22.6339,-116.569,34.6417,39613.1,1958.1,-52.3352,1816.05,730.303,359434
237.5,91.6508,-22.8887,-116.559,34.6414,39246.8,1959.61,-52.4849,1815.87,734.8,360336
238,91.6551,-23.118,-116.549,34.6412,38878.3,1961.11,-52.634,1815.66,739.293,361239
238.5,91.6596,-23.3205,-116.539,34.641,38507.5,1962.61,-52.7826,1815.44,743.782,362142
239,91.6642,-23.4946,-116.529,34.6407,38134.5,1964.09,-52.9305,1815.2,748.267,363044
239.5,91.669,-23.6385,-116.519,34.6405,37759.3,1965.56,-53.0778,1814.94,752.746,363947
240,91.6739,-23.7505,-116.509,34.6403,37381.8,1967.03,-53.2244,1814.66,757.218,364849
240.5,91.679,-23.8287,-116.5,34.64,37002.1,1968.47,-53.3703,1814.35,761.682,365752
241,91.6843,-23.8711,-116.49,34.6398,36620.1,1969.91,-53.5154,1814.03,766.136,366654
241.5,91.6899,-23.8754,-116.48,34.6395,36235.9,1971.32,-53.6598,1813.68,770.577,367556
242,91.6956,-23.8393,-116.47,34.6393,35849.5,1972.71,-53.8034,1813.31,775.003,368458
242.5,91.7016,-23.7604,-116.46,34.6391,35460.9,1974.09,-53.9461,1812.91,779.411,369360
243,91.7078,-23.6358,-116.45,34.6388,35070.1,1975.44,-54.088,1812.48,783.796,370261
243.5,91.7143,-23.4633,-116.441,34.6386,34677.2,1976.76,-54.229,1812.03,788.155,371163
244,91.7208,-23.3011,-116.431,34.6383,34282,1978.05,-54.369,1811.55,792.496,372064
244.5,91.7269,-23.1939,-116.421,34.6381,33884.7,1979.32,-54.5079,1811.03,796.804,372966
245,91.7327,-23.1452,-116.411,34.6378,33485.2,1980.54,-54.6457,1810.48,801.08,373867
245.5,91.7382,-23.1589,-116.401,34.6376,33083.6,1981.73,-54.7822,1809.89,805.326,374767
246,91.7433,-23.2392,-116.392,34.6373,32679.9,1982.87,-54.9173,1809.25,809.543,375668
246.5,91.748,-23.3905,-116.382,34.6371,32274.1,1983.96,-55.0508,1808.57,813.733,376568
247,91.7523,-23.6177,-116.372,34.6369,31866.2,1985.01,-55.1824,1807.83,817.898,377468
247.5,91.7561,-23.9258,-116.362,34.6366,31456.2,1986,-55.312,1807.04,822.045,378368
248,91.7595,-24.3201,-116.352,34.6364,31044.1,1986.94,-55.4392,1806.18,826.18,379267
248.5,91.7623,-24.7985,-116.343,34.6361,30630,1987.81,-55.5638,1805.24,830.307,380166
249,91.7654,-25.2272,-116.333,34.6359,30213.8,1988.62,-55.6858,1804.23,834.418,381064
249.5,91.7691,-25.5515,-116.323,34.6356,29795.6,1989.35,-55.8045,1803.13,838.522,381962
250,91.7734,-25.7641,-116.313,34.6354,29375.3,1990.01,-55.9202,1801.95,842.604,382860
250.5,91.7783,-25.8577,-116.303,34.6351,28953,1990.58,-56.0327,1800.68,846.651,383757
251,91.784,-25.824,-116.294,34.6349,28528.7,1991.05,-56.1422,1799.31,850.649,384653
251.5,91.7905,-25.6544,-116.284,34.6346,28102.4,1991.43,-56.2487,1797.87,854.577,385549
252,91.7977,-25.3621,-116.274,34.6344,27674.1,1991.7,-56.3525,1796.34,858.413,386444
252.5,91.8044,-25.1687,-116.264,34.6341,27244,1991.86,-56.4532,1794.72,862.145,387338
253,91.81,-25.1414,-116.255,34.6338,26812,1991.88,-56.5505,1792.99,865.779,388232
253.5,91.8147,-25.2918,-116.245,34.6336,26378.2,1991.77,-56.6435,1791.15,869.333,389124
254,91.8182,-25.6322,-116.235,34.6333,25942.7,1991.52,-56.7313,1789.16,872.829,390016
254.5,91.8205,-26.1733,-116.225,34.6331,25505.4,1991.1,-56.813,1787,876.296,390907
255,91.8231,-26.6623,-116.216,34.6328,25066.4,1990.52,-56.887,1784.64,879.771,391797
255.5,91.8271,-26.9182,-116.206,34.6326,24625.6,1989.75,-56.9537,1782.08,883.206,392685
256,91.8325,-26.9242,-116.196,34.6323,24183.2,1988.78,-57.0136,1779.33,886.554,393573
256.5,91.8395,-26.6626,-116.187,34.6321,23739.1,1987.59,-57.0672,1776.4,889.763,394459
257,91.8471,-26.3301,-116.177,34.6318,23293.5,1986.18,-57.1165,1773.33,892.714,395343
257.5,91.8527,-26.299,-116.167,34.6315,22846.4,1984.52,-57.1592,1770.08,895.465,396226
258,91.8564,-26.5973,-116.158,34.6313,22398,1982.58,-57.1934,1766.58,898.077,397108
258.5,91.858,-27.2162,-116.148,34.631,21948.4,1980.36,-57.2158,1762.78,900.654,397988
259,91.8607,-27.6379,-116.139,34.6308,21497.4,1977.83,-57.2236,1758.59,903.275,398865
259.5,91.8661,-27.6537,-116.129,34.6305,21045.1,1974.97,-57.2194,1754.08,905.77,399741
260,91.874,-27.2645,-116.12,34.6303,20591.6,1971.75,-57.2063,1749.31,907.973,400614
260.5,91.8805,-27.0918,-116.11,34.63,20137.2,1968.14,-57.187,1744.34,909.708,401485
261,91.8838,-27.4191,-116.101,34.6297,19682,1964.12,-57.1551,1739.02,911.211,402354
261.5,91.8849,-28.0776,-116.091,34.6295,19226,1959.68,-57.1024,1733.17,912.796,403220
262,91.8892,-28.2491,-116.082,34.6292,18769.2,1954.78,-57.0292,1726.79,914.378,404083
262.5,91.8971,-27.848,-116.072,34.629,18311.7,1949.39,-56.9438,1720.07,915.566,404942
263,91.9032,-27.7399,-116.063,34.6287,17853.8,1943.49,-56.8527,1713.13,916.031,405799
263.5,91.9047,-28.3197,-116.054,34.6285,17395.7,1937.05,-56.7419,1705.68,916.293,406651
264,91.9073,-28.7226,-116.045,34.6282,16937.4,1930.02,-56.5961,1697.36,916.914,407500
264.5,91.915,-28.36,-116.035,34.628,16478.8,1922.38,-56.4335,1688.58,917.085,408345
265,91.9206,-28.298,-116.026,34.6277,16020.5,1914.08,-56.2677,1679.62,916.193,409185
265.5,91.9214,-28.9679,-116.017,34.6275,15562.7,1905.11,-56.069,1669.84,915.378,410021
266,91.9265,-28.9829,-116.008,34.6272,15105.1,1895.41,-55.8307,1659.09,914.821,410852
266.5,91.9337,-28.6741,-115.999,34.627,14648.1,1884.96,-55.5926,1648.22,912.883,411677
267,91.9347,-29.2878,-115.99,34.6267,14192.3,1873.72,-55.3229,1636.55,910.757,412497
267.5,91.9401,-29.2424,-115.981,34.6265,13737.3,1861.66,-55.0015,1623.63,909.154,413311
268,91.9457,-29.1604,-115.972,34.6262,13283.6,1848.73,-54.6919,1610.84,905.544,414118
268.5,91.9472,-29.6712,-115.964,34.626,12831.6,1834.91,-54.3205,1596.58,902.716,414919
269,91.9541,-29.397,-115.955,34.6257,12381.1,1820.17,-53.9357,1581.89,898.745,415712
269.5,91.9556,-29.8844,-115.946,34.6255,11932.8,1804.48,-53.51,1566.18,894.627,416498
270,91.9616,-29.7277,-115.938,34.6252,11486.6,1787.82,-53.0635,1549.9,889.548,417276
270.5,91.9647,-29.9729,-115.93,34.625,11043.1,1770.16,-52.5592,1532.22,884.865,418046
271,91.9681,-30.1716,-115.921,34.6248,10602.4,1751.55,-52.0477,1514.27,878.736,418806
271.5,91.9721,-30.2752,-115.913,34.6245,10164.6,1732.08,-51.499,1495.43,872.439,419558
272,91.9761,-30.3743,-115.905,34.6243,9730.1,1711.78,-50.926,1475.97,865.514,420300
272.5,91.9797,-30.508,-115.897,34.6241,9299.12,1690.66,-50.3159,1455.71,858.32,421032
273,91.9834,-30.6451,-115.889,34.6239,8871.87,1668.75,-49.6967,1434.82,850.625,421754
273.5,91.9868,-30.7843,-115.881,34.6236,8448.57,1646.09,-49.02,1413.28,842.524,422466
274,91.9902,-30.9252,-115.874,34.6234,8029.43,1622.71,-48.3417,1391.17,833.967,423166
274.5,91.9936,-31.0684,-115.866,34.6232,7614.66,1598.65,-47.6486,1368.48,825.035,423856
275,91.9968,-31.2137,-115.859,34.623,7204.46,1573.96,-46.9102,1345.27,815.72,424534
275.5,92,-31.3613,-115.852,34.6228,6799.02,1548.69,-46.1499,1321.59,806.033,425200
276,92.003,-31.5113,-115.844,34.6226,6398.5,1522.88,-45.3772,1297.49,796.006,425854
276.5,92.006,-31.6638,-115.837,34.6224,6003.08,1496.61,-44.5939,1273.02,785.666,426497
277,92.0089,-31.819,-115.831,34.6222,5612.9,1469.92,-43.7977,1248.22,775.035,427127
277.5,92.0117,-31.977,-115.824,34.622,5228.09,1442.87,-42.971,1223.16,764.14,427744
278,92.0142,-32.1381,-115.817,34.6218,4848.79,1415.51,-42.1149,1197.85,753.026,428349
278.5,92.0169,-32.3022,-115.811,34.6216,4475.11,1387.84,-41.289,1172.3,741.686,428942
279,92.0194,-32.4694,-115.805,34.6214,4107.15,1359.93,-40.4336,1146.61,730.098,429521
279.5,92.0217,-32.6403,-115.798,34.6212,3745.03,1331.84,-39.5569,1120.78,718.391,430088
280,92.024,-32.8144,-115.792,34.621,3388.8,1303.65,-38.7011,1094.93,706.496,430642
280.5,92.0262,-32.9924,-115.786,34.6209,3038.54,1275.42,-37.8225,1069.05,694.549,431183
281,92.0281,-33.1741,-115.781,34.6207,2694.28,1247.21,-36.9331,1043.26,682.481,431711
281.5,92.0302,-33.3598,-115.775,34.6205,2356.06,1219.09,-36.0853,1017.56,670.4,432226
282,92.032,-33.5498,-115.77,34.6204,2023.88,1191.11,-35.1985,992.022,658.326,432729
282.5,92.0336,-33.7439,-115.764,34.6202,1697.74,1163.33,-34.3111,966.709,646.245,433219
283,92.0352,-33.9425,-115.759,34.6201,1377.63,1135.8,-33.4559,941.653,634.21,433696
283.5,92.0368,-34.1456,-115.754,34.6199,1063.51,1108.58,-32.6149,916.882,622.268,434160
284,92.0382,-34.3536,-115.749,34.6198,755.339,1081.71,-31.7739,892.439,610.435,434613
284.5,92.0394,-34.5664,-115.744,34.6196,453.056,1055.22,-30.9354,868.365,598.727,435053
285,92.0405,-34.7842,-115.74,34.6195,156.595,1029.16,-30.1061,844.691,587.162,435482
-1.0,92.0411,-34.9039,-115.737,34.6194,-1.10029,1015.27,-29.6607,832.08,580.983,435708
